set_algorithm original_pio
set_threads 24
set_accuracy 0.310000
set_range OOP 1 1 1 1 1 1 1 0 0 0 0 1 0 0 1 0 0 1 0 1 1 0 0 0 1 1 1 1 0 0 0 0 1 1 1 1 0 0 0 0 1 1 1 1 1 0 0 0 0 1 1 1 1 1 1 0 0 0 0 1 1 1 1 1 1 1 1 0 0 0 1 0 0 0 0 0 0 0 0 1 0 0 0 1 0 0 0 0 0 0 0 0 0 1 0 0 0 1 0 0 0 0 0 0 0 0 0 0 1 0 0 0 1 0 0 0 0 0 0 0 1 0 0 0 1 0 0 0 1 0 0 0 0 0 0 0 0 1 0 0 0 1 0 0 0 1 0 0 0 0 0 0 0 0 0 1 0 0 0 1 0 0 0 1 0 0 0 0 0 0 0 0 0 0 1 0 0 0 1 0 0 0 1 0 0 0 0 0 0 0 1 0 0 0 1 0 0 0 1 0 0 0 0 0 0 0 0 0 0 0 0 1 0 0 0 1 0 0 0 1 0 0 0 0 0 0 0 0 0 0 0 0 0 1 0 0 0 1 0 0 0 1 0 0 0 0 0 0 0 0 0 0 0 0 0 0 1 0 0 0 1 0 0 0 1 0 0 0 0 0 0 0 0 0 0 0 0 0 0 0 1 0 0 0 1 0 0 0 0 0 0 0 0 0 0 0 0 0 0 0 0 0 0 0 0 1 0 0 0 1 0 0 0 0 0 0 0 0 0 0 0 0 0 0 0 0 0 0 0 0 0 1 0 0 0 1 0 0 0 0 0 0 0 0 0 0 0 0 0 0 0 0 0 0 0 0 0 0 1 0 0 0 1 0 0 0 0 0 0 0 0 0 0 0 0 0 0 0 0 0 0 0 0 0 0 0 0 0 0 0 0 0 0 0 0 0 0 0 0 0 0 0 0 0 0 0 0 0 0 0 0 0 0 0 0 0 0 0 0 0 0 0 0 0 0 0 0 0 0 0 0 0 0 0 0 0 0 0 0 0 0 0 0 0 0 0 0 0 0 0 0 0 0 0 0 0 0 0 0 0 0 0 0 0 0 0 0 0 0 0 0 0 0 0 0 0 0 0 0 0 0 0 0 0 0 0 0 0 0 0 0 0 0 0 0 0 0 0 0 0 0 0 0 0 0 0 0 0 0 0 0 0 0 0 0 0 0 0 0 0 0 0 0 0 0 0 0 0 0 0 0 0 0 0 0 0 0 0 0 0 0 0 0 0 0 0 0 0 0 0 0 0 0 0 0 0 0 0 0 0 0 0 0 0 0 0 0 0 0 0 0 0 0 0 0 0 0 0 0 0 0 0 0 0 0 0 0 0 0 0 0 0 0 0 0 0 0 0 0 0 0 0 0 0 0 0 0 0 0 0 0 0 0 0 0 0 0 0 0 0 0 0 0 0 0 0 0 0 0 0 0 0 0 0 0 0 0 0 0 0 0 0 0 0 0 0 0 0 0 0 0 0 0 0 0 0 0 0 0 0 0 0 0 0 0 0 0 0 0 0 0 0 0 0 0 0 0 0 0 0 0 0 0 0 0 0 0 0 0 0 0 0 0 0 0 0 0 0 0 0 0 0 0 0 0 0 0 0 0 0 0 0 0 0 0 0 0 0 0 0 0 0 0 0 0 0 0 0 0 0 0 0 0 0 0 0 0 0 0 0 0 0 0 0 0 0 0 0 0 0 0 0 0 0 0 0 0 0 0 0 0 0 0 0 0 0 0 0 0 0 0 0 0 0 0 0 0 0 0 0 0 0 0 0 0 0 0 0 0 0 0 0 0 0 0 0 0 0 0 0 0 0 0 0 0 0 0 0 0 0 0 0 0 0 0 0 0 0 0 0 0 0 0 0 0 0 0 0 0 0 0 0 0 0 0 0 0 0 0 0 0 0 0 0 0 0 0 0 0 0 0 0 0 0 0 0 0 0 0 0 0 0 0 0 0 0 0 0 0 0 0 0 0 0 0 0 0 0 0 0 0 0 0 0 0 0 0 0 0 0 0 0 0 0 0 0 0 0 0 0 0 0 0 0 0 0 0 0 0 0 0 0 0 0 0 0 0 0 0 0 0 0 0 0 0 0 0 0 0 0 0 0 0 0 0 0 0 0 0 0 0 0 0 0 0 0 0 0 0 0 0 0 0 0 0 0 0 0 0 0 0 0 0 0 0 0 0 0 0 0 0 0 0 0 0 0 0 0 0 0 0 0 0 0 0 0 0 0 0 0 0 0 0 0 0 0 0 0 0 0 0 0 0 0 0 0 0 0 0 0 0 0 0 0 0 0 0 0 0 0 0 0 0 0 0 0 0 0 0 0 0 0 0 0 0 0 0 0 0 0 0 0 0 0 0 0 0 0 0 0 0 0 0 0 0 0 0 0 0 0 0 0 0 0 0 0 0 0 0 0 0 0 0 0 0 0 0 0 0 0 0 0 0 0 0 0 0 0 0 0 0 0 0 0 0 0 0 0 0 0 0 0 0 0 0 0 0 0 0 0 0 0 0 0 0 0 0 0 0 0 0 0 0 0 0 0 0 0 0 0 0 0 0 0 0 0 0 0 0 0 0 0 0 0 0 0 0 0 0 0 0 0 0 0 0 0 0 0 0 0 0 0 0 0 0 0 0 0 0 0 0 0 0 0 0 0 0 0 0 0 0 0 0 0 0 0 0 0 0 0 0 0 0 0 0 0 0 0 0 0 0 0 0 0 0 0 0 0 0 0 0 0 0 0 0 0 0 0 0 0 0 0 0 0 0 0 0 0 0 0 0 0 0 0 0 0 0 0 0 0 0 0 0 0 0 0 0 0 0 0 0 0 0 0 0 0 0 0 0 0 0 0 0 0 0 0 0 0 0 0 0 0 0 0 0 0 0 0 0 0 0 0 0 0 0 0 0 0 0 0 0 0 0 0 0 0 0 0 0 0 0 0 0 0 0 0 0 0 0 0 0 0 0 0 0 0 0 0 0 0 0 0 0 0 0 0
set_range IP 0 0 0 0 0 0 0 0 0 0 0 0 0 0 0 0 0 0 0 0 0 0 0 0 0 0 0 0 0 0 0 0 0 0 0 0 0 0 0 0 0 0 0 0 0 0 0 0 0 0 0 0 0 0 0 0 0 0 0 0 0 0 0 0 0 0 0 0 0 0 0 0 0 0 0 0 0 0 0 0 0 0 0 0 0 0 0 0 0 0 0 0 0 0 0 0 0 0 0 0 0 0 0 0 0 0 0 0 0 0 0 0 0 0 0 0 0 0 0 0 0 0 0 0 0 0 0 0 0 0 0 0 0 0 0 0 0 0 0 0 0 0 0 0 0 0 0 0 0 0 0 0 0 0 0 0 0 0 0 0 0 0 0 0 0 0 0 0 0 0 0 0 0 0 0 0 0 0 0 0 0 0 0 0 0 0 0 0 0 0 0 0 0 0 0 0 0 0 0 0 0 0 0 0 0 0 0 0 0 0 0 0 0 0 0 0 0 0 0 0 0 0 0 0 0 0 0 0 0 0 0 0 0 0 0 0 0 0 0 0 0 0 0 0 0 0 0 0 0 0 0 0 0 0 0 0 0 0 0 0 0 0 0 0 0 0 0 0 0 0 0 0 0 0 0 0 0 0 0 0 0 0 0 0 0 0 0 0 0 0 0 0 0 0 0 0 0 0 0 0 0 0 0 0 0 0 0 0 0 0 0 0 0 0 0 0 0 0 0 0 0 0 0 0 0 0 0 0 0 0 0 0 0 0 0 0 0 0 0 0 0 0 0 0 0 0 0 0 0 0 0 0 0 0 0 0 0 0 0 0 0 0 0 0 0 0 0 0 0 0 0 0 0 0 0 0 0 0 0 0 0 0 0 0 0 0 0 0 0 0 0 0 0 0 0 0 0 0 0 0 0 0 0 0 0 0 0 0 0 0 0 0 0 0 0 0 0 0 0 0 0 0 0 0 0 0 0 0 0 0 0 0 0 0 0 0 0 0 0 0 0 0 0 0 0 0 0 0 0 0 0 0 0 0 0 0 0 0 0 0 0 0 0 0 0 0 0 0 0 0 0 0 0 0 0 0 0 0 0 0 0 0 0 0 0 0 0 0 0 0 0 0 0 0 0 0 0 0 0 0 0 0 0 0 0 0 0 0 0 0 0 0 0 0 0 0 0 0 0 0 0 0 0 0 0 0 0 0 0 0 0 0 0 0 0 0 0 0 0 0 0 0 0 0 0 0 0 0 0 0 0 0 0 0 0 0 0 0 0 0 0 0 0 0 0 0 0 0 0 0 0 0 0 0 0 0 0 0 0 0 0 0 0 0 0 0 0 0 0 0 0 0 0 0 0 0 0 0 0 0 0 0 0 0 0 0 0 0 0 0 0 0 0 0 0 0 0 0 0 0 0 0 0 0 0 0 0 0 0 0 0 0 0 0 0 0 0 0 0 0 0 0 0 0 0 0 0 0 0 0 0 0 0 0 0 0 0 0 0 0 0 0 0 0 0 0 0 0 0 0 0 0 0 0 0 0 0 0 0 0 0 0 0 0 0 0 0 0 0 0 0 0 0 0 0 0 0 0 0 0 0 0 0 0 0 0 0 0 0 0 0 0 0 0 0 0 0 0 0 0 0 0 0 0 0 0 0 0 0 0 0 0 0 0 0 0 0 0 0 0 0 0 0 0 0 0 0 0 0 0 0 0 0 0 0 0 0 0 0 0 0 0 0 0 0 0 0 0 0 0 0 0 0 0 0 0 0 0 0 0 0 0 0 0 0 0 0 0 0 0 0 0 0 0 0 0 0 0 0 0 0 0 0 0 0 0 0 0 0 0 0 0 0 0 0 0 0 0 0 0 0 0 0 0 0 0 0 0 0 0 0 0 0 0 0 0 0 0 0 0 0 0 0 0 0 0 0 0 0 0 0 0 0 0 0 0 0 0 0 0 1 0 0 0 0 0 0 0 0 0 0 0 0 0 0 0 0 0 0 0 0 0 0 0 0 0 0 0 0 0 0 0 0 0 0 0 0 0 0 0 0 1 1 0 0 0 0 0 0 0 0 0 0 0 0 0 0 0 0 0 0 0 0 0 0 0 0 0 0 0 0 0 0 0 0 0 0 0 0 0 0 0 0 1 1 1 0 0 0 0 0 0 0 0 0 0 0 0 0 0 0 0 0 0 0 0 0 0 0 0 0 0 0 0 0 0 0 0 0 0 0 0 1 0 0 0 1 1 1 1 0 0 0 0 0 0 0 0 0 0 0 0 0 0 0 0 0 0 0 0 0 0 0 0 0 0 0 0 0 0 0 0 0 0 0 0 0 1 0 0 1 1 1 1 1 0 0 0 0 0 0 0 0 0 0 0 0 0 0 0 0 0 0 0 0 0 0 0 0 0 0 0 0 0 0 0 0 0 0 0 0 0 0 1 0 1 1 1 1 1 1 0 0 0 0 0 0 0 0 0 0 0 0 0 0 0 0 0 0 0 0 0 0 0 0 0 0 0 0 0 0 0 0 0 0 0 0 0 0 0 1 1 1 1 1 1 1 1 0 0 0 0 0 0 0 0 0 0 0 0 0 0 0 0 0 0 0 0 0 0 0 0 0 0 0 0 0 0 0 0 0 0 0 0 1 0 0 0 1 1 1 1 1 1 1 1 0 0 0 0 0 0 0 0 0 0 0 0 0 0 0 0 0 0 0 0 0 0 0 0 0 0 0 0 0 0 0 0 0 0 0 0 0 1 0 0 1 1 1 1 1 1 1 1 1 0 0 0 0 0 0 0 0 0 0 0 0 0 0 0 0 0 0 0 0 0 0 0 0 0 0 0 0 0 0 0 0 0 0 0 0 0 0 1 0 1 1 1 1 1 1 1 1 1 1 0 0 0 0 0 0 0 0 0 0 0 0 0 0 0 0 0 0 0 0 0 0 0 0 0 0 0 0 0 0 0 0 0 0 0 0 0 0 0 1 1 1 1 1 1 1 1 1 1 1 1
set_board 8s6h5d
set_eff_stack 980
set_isomorphism 1 0
set_pot 0 0 62
clear_lines 
add_line 0 0 0 0 0 19 104 226 457 980
add_line 0 0 0 0 0 19 104 226 980
add_line 0 0 0 0 0 19 104 334 980
add_line 0 0 0 0 0 19 104 980
add_line 0 0 0 0 0 19 64 150 313 623 980
add_line 0 0 0 0 0 19 64 150 313 980
add_line 0 0 0 0 0 19 64 150 458 980
add_line 0 0 0 0 0 19 64 150 980
add_line 0 0 0 0 0 19 64 226 457 980
add_line 0 0 0 0 0 19 64 226 980
add_line 0 0 0 0 0 19 64 980
add_line 0 0 0 0 0 46 115 246 495 980
add_line 0 0 0 0 0 46 115 246 980
add_line 0 0 0 0 0 46 115 363 980
add_line 0 0 0 0 0 46 115 980
add_line 0 0 0 0 0 46 177 364 980
add_line 0 0 0 0 0 46 177 531 980
add_line 0 0 0 0 0 46 177 980
add_line 0 0 0 0 0 93 205 417 980
add_line 0 0 0 0 0 93 205 606 980
add_line 0 0 0 0 0 93 205 980
add_line 0 0 0 0 0 93 304 606 980
add_line 0 0 0 0 0 93 304 980
add_line 0 0 0 0 0 93 980
add_line 0 0 0 0 19 104 226 457 980
add_line 0 0 0 0 19 104 226 980
add_line 0 0 0 0 19 104 334 980
add_line 0 0 0 0 19 104 980
add_line 0 0 0 0 19 64 150 313 623 980
add_line 0 0 0 0 19 64 150 313 980
add_line 0 0 0 0 19 64 150 458 980
add_line 0 0 0 0 19 64 150 980
add_line 0 0 0 0 19 64 226 457 980
add_line 0 0 0 0 19 64 226 980
add_line 0 0 0 0 19 64 980
add_line 0 0 0 0 46 115 246 495 980
add_line 0 0 0 0 46 115 246 980
add_line 0 0 0 0 46 115 363 980
add_line 0 0 0 0 46 115 980
add_line 0 0 0 0 46 177 364 980
add_line 0 0 0 0 46 177 531 980
add_line 0 0 0 0 46 177 980
add_line 0 0 0 0 93 205 417 980
add_line 0 0 0 0 93 205 606 980
add_line 0 0 0 0 93 205 980
add_line 0 0 0 0 93 304 606 980
add_line 0 0 0 0 93 304 980
add_line 0 0 0 0 93 980
add_line 0 0 0 19 19 144 302 602 980
add_line 0 0 0 19 19 144 302 980
add_line 0 0 0 19 19 144 442 980
add_line 0 0 0 19 19 144 980
add_line 0 0 0 19 19 19 169 349 980
add_line 0 0 0 19 19 19 169 509 980
add_line 0 0 0 19 19 19 169 980
add_line 0 0 0 19 19 19 49 121 258 518 980
add_line 0 0 0 19 19 19 49 121 258 980
add_line 0 0 0 19 19 19 49 121 379 980
add_line 0 0 0 19 19 19 49 121 980
add_line 0 0 0 19 19 19 49 185 379 980
add_line 0 0 0 19 19 19 49 185 552 980
add_line 0 0 0 19 19 19 49 185 980
add_line 0 0 0 19 19 19 94 206 419 980
add_line 0 0 0 19 19 19 94 206 609 980
add_line 0 0 0 19 19 19 94 206 980
add_line 0 0 0 19 19 19 94 306 609 980
add_line 0 0 0 19 19 19 94 306 980
add_line 0 0 0 19 19 19 94 980
add_line 0 0 0 19 19 44 112 241 486 980
add_line 0 0 0 19 19 44 112 241 980
add_line 0 0 0 19 19 44 112 355 980
add_line 0 0 0 19 19 44 112 980
add_line 0 0 0 19 19 44 172 355 980
add_line 0 0 0 19 19 44 172 517 980
add_line 0 0 0 19 19 44 172 980
add_line 0 0 0 19 49 153 153 153 263 528 980
add_line 0 0 0 19 49 153 153 153 263 980
add_line 0 0 0 19 49 153 153 153 429 980
add_line 0 0 0 19 49 153 153 153 980
add_line 0 0 0 19 49 153 153 245 493 980
add_line 0 0 0 19 49 153 153 245 980
add_line 0 0 0 19 49 153 153 613 980
add_line 0 0 0 19 49 153 153 980
add_line 0 0 0 19 49 153 263 263 263 439 980
add_line 0 0 0 19 49 153 263 263 263 980
add_line 0 0 0 19 49 153 263 263 439 980
add_line 0 0 0 19 49 153 263 263 980
add_line 0 0 0 19 49 153 263 439 439 439 980
add_line 0 0 0 19 49 153 263 439 439 980
add_line 0 0 0 19 49 153 263 439 980
add_line 0 0 0 19 49 153 263 645 645 645 980
add_line 0 0 0 19 49 153 263 645 645 980
add_line 0 0 0 19 49 153 263 645 980
add_line 0 0 0 19 49 153 263 980
add_line 0 0 0 19 49 153 392 392 392 646 980
add_line 0 0 0 19 49 153 392 392 392 980
add_line 0 0 0 19 49 153 392 392 646 980
add_line 0 0 0 19 49 153 392 392 980
add_line 0 0 0 19 49 153 392 646 646 646 980
add_line 0 0 0 19 49 153 392 646 646 980
add_line 0 0 0 19 49 153 392 646 980
add_line 0 0 0 19 49 153 392 980
add_line 0 0 0 19 49 153 980
add_line 0 0 0 19 49 49 169 349 980
add_line 0 0 0 19 49 49 169 509 980
add_line 0 0 0 19 49 49 169 980
add_line 0 0 0 19 49 49 289 577 980
add_line 0 0 0 19 49 49 289 980
add_line 0 0 0 19 49 49 49 169 349 980
add_line 0 0 0 19 49 49 49 169 509 980
add_line 0 0 0 19 49 49 49 169 980
add_line 0 0 0 19 49 49 49 289 577 980
add_line 0 0 0 19 49 49 49 289 980
add_line 0 0 0 19 49 49 49 97 212 431 980
add_line 0 0 0 19 49 49 49 97 212 625 980
add_line 0 0 0 19 49 49 49 97 212 980
add_line 0 0 0 19 49 49 49 97 315 626 980
add_line 0 0 0 19 49 49 49 97 315 980
add_line 0 0 0 19 49 49 49 97 980
add_line 0 0 0 19 49 49 97 212 431 980
add_line 0 0 0 19 49 49 97 212 625 980
add_line 0 0 0 19 49 49 97 212 980
add_line 0 0 0 19 49 49 97 315 626 980
add_line 0 0 0 19 49 49 97 315 980
add_line 0 0 0 19 49 49 97 980
add_line 0 0 0 19 49 97 174 174 174 297 592 980
add_line 0 0 0 19 49 97 174 174 174 297 980
add_line 0 0 0 19 49 97 174 174 174 482 980
add_line 0 0 0 19 49 97 174 174 174 980
add_line 0 0 0 19 49 97 174 174 297 592 980
add_line 0 0 0 19 49 97 174 174 297 980
add_line 0 0 0 19 49 97 174 174 482 980
add_line 0 0 0 19 49 97 174 174 980
add_line 0 0 0 19 49 97 174 297 297 297 494 980
add_line 0 0 0 19 49 97 174 297 297 297 980
add_line 0 0 0 19 49 97 174 297 297 461 980
add_line 0 0 0 19 49 97 174 297 297 980
add_line 0 0 0 19 49 97 174 297 494 494 494 980
add_line 0 0 0 19 49 97 174 297 494 494 980
add_line 0 0 0 19 49 97 174 297 494 980
add_line 0 0 0 19 49 97 174 297 980
add_line 0 0 0 19 49 97 174 440 440 440 980
add_line 0 0 0 19 49 97 174 440 440 980
add_line 0 0 0 19 49 97 174 440 980
add_line 0 0 0 19 49 97 174 980
add_line 0 0 0 19 49 97 263 263 263 439 980
add_line 0 0 0 19 49 97 263 263 263 980
add_line 0 0 0 19 49 97 263 263 439 980
add_line 0 0 0 19 49 97 263 263 980
add_line 0 0 0 19 49 97 263 439 439 439 980
add_line 0 0 0 19 49 97 263 439 439 980
add_line 0 0 0 19 49 97 263 439 980
add_line 0 0 0 19 49 97 263 645 645 645 980
add_line 0 0 0 19 49 97 263 645 645 980
add_line 0 0 0 19 49 97 263 645 980
add_line 0 0 0 19 49 97 263 980
add_line 0 0 0 19 49 97 97 161 334 980
add_line 0 0 0 19 49 97 97 161 487 980
add_line 0 0 0 19 49 97 97 161 980
add_line 0 0 0 19 49 97 97 417 980
add_line 0 0 0 19 49 97 97 97 174 358 980
add_line 0 0 0 19 49 97 97 97 174 522 980
add_line 0 0 0 19 49 97 97 97 174 980
add_line 0 0 0 19 49 97 97 97 289 577 980
add_line 0 0 0 19 49 97 97 97 289 980
add_line 0 0 0 19 49 97 97 97 481 980
add_line 0 0 0 19 49 97 97 97 980
add_line 0 0 0 19 49 97 97 980
add_line 0 0 0 19 49 97 980
add_line 0 0 0 19 84 153 153 153 263 528 980
add_line 0 0 0 19 84 153 153 153 263 980
add_line 0 0 0 19 84 153 153 153 429 980
add_line 0 0 0 19 84 153 153 153 980
add_line 0 0 0 19 84 153 153 245 493 980
add_line 0 0 0 19 84 153 153 245 980
add_line 0 0 0 19 84 153 153 613 980
add_line 0 0 0 19 84 153 153 980
add_line 0 0 0 19 84 153 263 263 263 439 980
add_line 0 0 0 19 84 153 263 263 263 980
add_line 0 0 0 19 84 153 263 263 439 980
add_line 0 0 0 19 84 153 263 263 980
add_line 0 0 0 19 84 153 263 439 439 439 980
add_line 0 0 0 19 84 153 263 439 439 980
add_line 0 0 0 19 84 153 263 439 980
add_line 0 0 0 19 84 153 263 645 645 645 980
add_line 0 0 0 19 84 153 263 645 645 980
add_line 0 0 0 19 84 153 263 645 980
add_line 0 0 0 19 84 153 263 980
add_line 0 0 0 19 84 153 392 392 392 646 980
add_line 0 0 0 19 84 153 392 392 392 980
add_line 0 0 0 19 84 153 392 392 646 980
add_line 0 0 0 19 84 153 392 392 980
add_line 0 0 0 19 84 153 392 646 646 646 980
add_line 0 0 0 19 84 153 392 646 646 980
add_line 0 0 0 19 84 153 392 646 980
add_line 0 0 0 19 84 153 392 980
add_line 0 0 0 19 84 153 980
add_line 0 0 0 19 84 234 234 234 393 980
add_line 0 0 0 19 84 234 234 234 632 980
add_line 0 0 0 19 84 234 234 234 980
add_line 0 0 0 19 84 234 234 366 980
add_line 0 0 0 19 84 234 234 980
add_line 0 0 0 19 84 234 393 393 393 647 980
add_line 0 0 0 19 84 234 393 393 393 980
add_line 0 0 0 19 84 234 393 393 647 980
add_line 0 0 0 19 84 234 393 393 980
add_line 0 0 0 19 84 234 393 647 647 647 980
add_line 0 0 0 19 84 234 393 647 647 980
add_line 0 0 0 19 84 234 393 647 980
add_line 0 0 0 19 84 234 393 980
add_line 0 0 0 19 84 234 578 578 578 980
add_line 0 0 0 19 84 234 578 578 980
add_line 0 0 0 19 84 234 578 980
add_line 0 0 0 19 84 234 980
add_line 0 0 0 19 84 84 153 319 634 980
add_line 0 0 0 19 84 84 153 319 980
add_line 0 0 0 19 84 84 153 466 980
add_line 0 0 0 19 84 84 153 980
add_line 0 0 0 19 84 84 256 514 980
add_line 0 0 0 19 84 84 256 980
add_line 0 0 0 19 84 84 429 980
add_line 0 0 0 19 84 84 84 153 319 634 980
add_line 0 0 0 19 84 84 84 153 319 980
add_line 0 0 0 19 84 84 84 153 466 980
add_line 0 0 0 19 84 84 84 153 980
add_line 0 0 0 19 84 84 84 256 514 980
add_line 0 0 0 19 84 84 84 256 980
add_line 0 0 0 19 84 84 84 429 980
add_line 0 0 0 19 84 84 84 980
add_line 0 0 0 19 84 84 980
add_line 0 0 0 19 84 980
add_line 0 0 0 42 137 137 137 238 480 980
add_line 0 0 0 42 137 137 137 238 980
add_line 0 0 0 42 137 137 137 389 980
add_line 0 0 0 42 137 137 137 641 980
add_line 0 0 0 42 137 137 137 980
add_line 0 0 0 42 137 137 238 480 980
add_line 0 0 0 42 137 137 238 980
add_line 0 0 0 42 137 137 389 980
add_line 0 0 0 42 137 137 641 980
add_line 0 0 0 42 137 137 980
add_line 0 0 0 42 137 238 238 238 399 980
add_line 0 0 0 42 137 238 238 238 642 980
add_line 0 0 0 42 137 238 238 238 980
add_line 0 0 0 42 137 238 238 372 980
add_line 0 0 0 42 137 238 238 980
add_line 0 0 0 42 137 238 399 399 399 980
add_line 0 0 0 42 137 238 399 399 980
add_line 0 0 0 42 137 238 399 980
add_line 0 0 0 42 137 238 588 588 588 980
add_line 0 0 0 42 137 238 588 588 980
add_line 0 0 0 42 137 238 588 980
add_line 0 0 0 42 137 238 980
add_line 0 0 0 42 137 355 355 355 587 980
add_line 0 0 0 42 137 355 355 355 980
add_line 0 0 0 42 137 355 355 548 980
add_line 0 0 0 42 137 355 355 980
add_line 0 0 0 42 137 355 587 587 587 980
add_line 0 0 0 42 137 355 587 587 980
add_line 0 0 0 42 137 355 587 980
add_line 0 0 0 42 137 355 980
add_line 0 0 0 42 137 980
add_line 0 0 0 42 42 224 454 980
add_line 0 0 0 42 42 224 980
add_line 0 0 0 42 42 42 152 317 630 980
add_line 0 0 0 42 42 42 152 317 980
add_line 0 0 0 42 42 42 152 463 980
add_line 0 0 0 42 42 42 152 980
add_line 0 0 0 42 42 42 261 524 980
add_line 0 0 0 42 42 42 261 980
add_line 0 0 0 42 42 42 86 191 391 980
add_line 0 0 0 42 42 42 86 191 568 980
add_line 0 0 0 42 42 42 86 191 980
add_line 0 0 0 42 42 42 86 285 569 980
add_line 0 0 0 42 42 42 86 285 980
add_line 0 0 0 42 42 42 86 980
add_line 0 0 0 42 42 78 176 362 980
add_line 0 0 0 42 42 78 176 528 980
add_line 0 0 0 42 42 78 176 980
add_line 0 0 0 42 42 78 263 528 980
add_line 0 0 0 42 42 78 263 980
add_line 0 0 0 42 42 78 980
add_line 0 0 0 42 86 156 156 156 268 537 980
add_line 0 0 0 42 86 156 156 156 268 980
add_line 0 0 0 42 86 156 156 156 436 980
add_line 0 0 0 42 86 156 156 156 980
add_line 0 0 0 42 86 156 156 250 503 980
add_line 0 0 0 42 86 156 156 250 980
add_line 0 0 0 42 86 156 156 624 980
add_line 0 0 0 42 86 156 156 980
add_line 0 0 0 42 86 156 268 268 268 447 980
add_line 0 0 0 42 86 156 268 268 268 980
add_line 0 0 0 42 86 156 268 268 447 980
add_line 0 0 0 42 86 156 268 268 980
add_line 0 0 0 42 86 156 268 447 447 447 980
add_line 0 0 0 42 86 156 268 447 447 980
add_line 0 0 0 42 86 156 268 447 980
add_line 0 0 0 42 86 156 268 980
add_line 0 0 0 42 86 156 399 399 399 980
add_line 0 0 0 42 86 156 399 399 980
add_line 0 0 0 42 86 156 399 980
add_line 0 0 0 42 86 156 980
add_line 0 0 0 42 86 238 238 238 399 980
add_line 0 0 0 42 86 238 238 238 642 980
add_line 0 0 0 42 86 238 238 238 980
add_line 0 0 0 42 86 238 238 372 980
add_line 0 0 0 42 86 238 238 980
add_line 0 0 0 42 86 238 399 399 399 980
add_line 0 0 0 42 86 238 399 399 980
add_line 0 0 0 42 86 238 399 980
add_line 0 0 0 42 86 238 588 588 588 980
add_line 0 0 0 42 86 238 588 588 980
add_line 0 0 0 42 86 238 588 980
add_line 0 0 0 42 86 238 980
add_line 0 0 0 42 86 86 156 324 644 980
add_line 0 0 0 42 86 86 156 324 980
add_line 0 0 0 42 86 86 156 474 980
add_line 0 0 0 42 86 86 156 980
add_line 0 0 0 42 86 86 262 526 980
add_line 0 0 0 42 86 86 262 980
add_line 0 0 0 42 86 86 437 980
add_line 0 0 0 42 86 86 86 156 324 644 980
add_line 0 0 0 42 86 86 86 156 324 980
add_line 0 0 0 42 86 86 86 156 474 980
add_line 0 0 0 42 86 86 86 156 980
add_line 0 0 0 42 86 86 86 262 526 980
add_line 0 0 0 42 86 86 86 262 980
add_line 0 0 0 42 86 86 86 437 980
add_line 0 0 0 42 86 86 86 980
add_line 0 0 0 42 86 86 980
add_line 0 0 0 42 86 980
add_line 0 0 0 62 124 124 124 217 440 980
add_line 0 0 0 62 124 124 124 217 639 980
add_line 0 0 0 62 124 124 124 217 980
add_line 0 0 0 62 124 124 124 356 980
add_line 0 0 0 62 124 124 124 589 980
add_line 0 0 0 62 124 124 124 980
add_line 0 0 0 62 124 124 217 440 980
add_line 0 0 0 62 124 124 217 639 980
add_line 0 0 0 62 124 124 217 980
add_line 0 0 0 62 124 124 356 980
add_line 0 0 0 62 124 124 589 980
add_line 0 0 0 62 124 124 980
add_line 0 0 0 62 124 217 217 217 366 980
add_line 0 0 0 62 124 217 217 217 589 980
add_line 0 0 0 62 124 217 217 217 980
add_line 0 0 0 62 124 217 217 341 980
add_line 0 0 0 62 124 217 217 980
add_line 0 0 0 62 124 217 366 366 366 604 980
add_line 0 0 0 62 124 217 366 366 366 980
add_line 0 0 0 62 124 217 366 366 604 980
add_line 0 0 0 62 124 217 366 366 980
add_line 0 0 0 62 124 217 366 604 604 604 980
add_line 0 0 0 62 124 217 366 604 604 980
add_line 0 0 0 62 124 217 366 604 980
add_line 0 0 0 62 124 217 366 980
add_line 0 0 0 62 124 217 539 539 539 980
add_line 0 0 0 62 124 217 539 539 980
add_line 0 0 0 62 124 217 539 980
add_line 0 0 0 62 124 217 980
add_line 0 0 0 62 124 326 326 326 540 980
add_line 0 0 0 62 124 326 326 326 980
add_line 0 0 0 62 124 326 326 504 980
add_line 0 0 0 62 124 326 326 980
add_line 0 0 0 62 124 326 540 540 540 980
add_line 0 0 0 62 124 326 540 540 980
add_line 0 0 0 62 124 326 540 980
add_line 0 0 0 62 124 326 980
add_line 0 0 0 62 124 980
add_line 0 0 0 62 183 183 183 311 619 980
add_line 0 0 0 62 183 183 183 311 980
add_line 0 0 0 62 183 183 183 504 980
add_line 0 0 0 62 183 183 183 980
add_line 0 0 0 62 183 183 311 619 980
add_line 0 0 0 62 183 183 311 980
add_line 0 0 0 62 183 183 504 980
add_line 0 0 0 62 183 183 980
add_line 0 0 0 62 183 311 311 311 516 980
add_line 0 0 0 62 183 311 311 311 980
add_line 0 0 0 62 183 311 311 482 980
add_line 0 0 0 62 183 311 311 980
add_line 0 0 0 62 183 311 516 516 516 980
add_line 0 0 0 62 183 311 516 516 980
add_line 0 0 0 62 183 311 516 980
add_line 0 0 0 62 183 311 980
add_line 0 0 0 62 183 461 461 461 980
add_line 0 0 0 62 183 461 461 980
add_line 0 0 0 62 183 461 980
add_line 0 0 0 62 183 980
add_line 0 0 0 62 62 108 233 471 980
add_line 0 0 0 62 62 108 233 980
add_line 0 0 0 62 62 108 344 980
add_line 0 0 0 62 62 108 980
add_line 0 0 0 62 62 294 586 980
add_line 0 0 0 62 62 294 980
add_line 0 0 0 62 62 62 118 252 507 980
add_line 0 0 0 62 62 62 118 252 980
add_line 0 0 0 62 62 62 118 371 980
add_line 0 0 0 62 62 62 118 980
add_line 0 0 0 62 62 62 202 412 980
add_line 0 0 0 62 62 62 202 598 980
add_line 0 0 0 62 62 62 202 980
add_line 0 0 0 62 62 62 341 980
add_line 0 0 0 62 62 62 980
add_line 0 0 0 62 62 980
add_line 0 0 0 62 980
add_line 0 0 0 93 186 186 186 316 628 980
add_line 0 0 0 93 186 186 186 316 980
add_line 0 0 0 93 186 186 186 512 980
add_line 0 0 0 93 186 186 186 980
add_line 0 0 0 93 186 186 316 628 980
add_line 0 0 0 93 186 186 316 980
add_line 0 0 0 93 186 186 512 980
add_line 0 0 0 93 186 186 980
add_line 0 0 0 93 186 316 316 316 524 980
add_line 0 0 0 93 186 316 316 316 980
add_line 0 0 0 93 186 316 316 490 980
add_line 0 0 0 93 186 316 316 980
add_line 0 0 0 93 186 316 524 524 524 980
add_line 0 0 0 93 186 316 524 524 980
add_line 0 0 0 93 186 316 524 980
add_line 0 0 0 93 186 316 980
add_line 0 0 0 93 186 468 468 468 980
add_line 0 0 0 93 186 468 468 980
add_line 0 0 0 93 186 468 980
add_line 0 0 0 93 186 980
add_line 0 0 0 93 254 254 254 425 980
add_line 0 0 0 93 254 254 254 980
add_line 0 0 0 93 254 254 425 980
add_line 0 0 0 93 254 254 980
add_line 0 0 0 93 254 425 425 425 980
add_line 0 0 0 93 254 425 425 653 980
add_line 0 0 0 93 254 425 425 980
add_line 0 0 0 93 254 425 980
add_line 0 0 0 93 254 624 624 624 980
add_line 0 0 0 93 254 624 624 980
add_line 0 0 0 93 254 624 980
add_line 0 0 0 93 254 980
add_line 0 0 0 93 93 155 322 640 980
add_line 0 0 0 93 93 155 322 980
add_line 0 0 0 93 93 155 471 980
add_line 0 0 0 93 93 155 980
add_line 0 0 0 93 93 403 980
add_line 0 0 0 93 93 93 167 345 980
add_line 0 0 0 93 93 93 167 504 980
add_line 0 0 0 93 93 93 167 980
add_line 0 0 0 93 93 93 279 558 980
add_line 0 0 0 93 93 93 279 980
add_line 0 0 0 93 93 93 465 980
add_line 0 0 0 93 93 93 980
add_line 0 0 0 93 93 980
add_line 0 0 0 93 980
add_line 0 0 19 19 169 349 980
add_line 0 0 19 19 169 509 980
add_line 0 0 19 19 169 980
add_line 0 0 19 19 19 169 349 980
add_line 0 0 19 19 19 169 509 980
add_line 0 0 19 19 19 169 980
add_line 0 0 19 19 19 49 121 258 518 980
add_line 0 0 19 19 19 49 121 258 980
add_line 0 0 19 19 19 49 121 379 980
add_line 0 0 19 19 19 49 121 980
add_line 0 0 19 19 19 49 185 379 980
add_line 0 0 19 19 19 49 185 552 980
add_line 0 0 19 19 19 49 185 980
add_line 0 0 19 19 19 94 206 419 980
add_line 0 0 19 19 19 94 206 609 980
add_line 0 0 19 19 19 94 206 980
add_line 0 0 19 19 19 94 306 609 980
add_line 0 0 19 19 19 94 306 980
add_line 0 0 19 19 19 94 980
add_line 0 0 19 19 49 121 258 518 980
add_line 0 0 19 19 49 121 258 980
add_line 0 0 19 19 49 121 379 980
add_line 0 0 19 19 49 121 980
add_line 0 0 19 19 49 185 379 980
add_line 0 0 19 19 49 185 552 980
add_line 0 0 19 19 49 185 980
add_line 0 0 19 19 94 206 419 980
add_line 0 0 19 19 94 206 609 980
add_line 0 0 19 19 94 206 980
add_line 0 0 19 19 94 306 609 980
add_line 0 0 19 19 94 306 980
add_line 0 0 19 19 94 980
add_line 0 0 19 49 153 153 153 263 528 980
add_line 0 0 19 49 153 153 153 263 980
add_line 0 0 19 49 153 153 153 429 980
add_line 0 0 19 49 153 153 153 980
add_line 0 0 19 49 153 153 263 528 980
add_line 0 0 19 49 153 153 263 980
add_line 0 0 19 49 153 153 429 980
add_line 0 0 19 49 153 153 980
add_line 0 0 19 49 153 263 263 263 439 980
add_line 0 0 19 49 153 263 263 263 980
add_line 0 0 19 49 153 263 263 410 980
add_line 0 0 19 49 153 263 263 980
add_line 0 0 19 49 153 263 439 439 439 980
add_line 0 0 19 49 153 263 439 439 980
add_line 0 0 19 49 153 263 439 980
add_line 0 0 19 49 153 263 645 645 645 980
add_line 0 0 19 49 153 263 645 645 980
add_line 0 0 19 49 153 263 645 980
add_line 0 0 19 49 153 263 980
add_line 0 0 19 49 153 392 392 392 646 980
add_line 0 0 19 49 153 392 392 392 980
add_line 0 0 19 49 153 392 392 604 980
add_line 0 0 19 49 153 392 392 980
add_line 0 0 19 49 153 392 646 646 646 980
add_line 0 0 19 49 153 392 646 646 980
add_line 0 0 19 49 153 392 646 980
add_line 0 0 19 49 153 392 980
add_line 0 0 19 49 153 980
add_line 0 0 19 49 49 249 501 980
add_line 0 0 19 49 49 249 980
add_line 0 0 19 49 49 49 169 349 980
add_line 0 0 19 49 49 49 169 509 980
add_line 0 0 19 49 49 49 169 980
add_line 0 0 19 49 49 49 289 577 980
add_line 0 0 19 49 49 49 289 980
add_line 0 0 19 49 49 49 97 212 431 980
add_line 0 0 19 49 49 49 97 212 625 980
add_line 0 0 19 49 49 49 97 212 980
add_line 0 0 19 49 49 49 97 315 626 980
add_line 0 0 19 49 49 49 97 315 980
add_line 0 0 19 49 49 49 97 980
add_line 0 0 19 49 49 89 197 402 980
add_line 0 0 19 49 49 89 197 585 980
add_line 0 0 19 49 49 89 197 980
add_line 0 0 19 49 49 89 293 585 980
add_line 0 0 19 49 49 89 293 980
add_line 0 0 19 49 49 89 980
add_line 0 0 19 49 97 174 174 174 297 592 980
add_line 0 0 19 49 97 174 174 174 297 980
add_line 0 0 19 49 97 174 174 174 482 980
add_line 0 0 19 49 97 174 174 174 980
add_line 0 0 19 49 97 174 174 276 552 980
add_line 0 0 19 49 97 174 174 276 980
add_line 0 0 19 49 97 174 174 980
add_line 0 0 19 49 97 174 297 297 297 494 980
add_line 0 0 19 49 97 174 297 297 297 980
add_line 0 0 19 49 97 174 297 297 494 980
add_line 0 0 19 49 97 174 297 297 980
add_line 0 0 19 49 97 174 297 494 494 494 980
add_line 0 0 19 49 97 174 297 494 494 980
add_line 0 0 19 49 97 174 297 494 980
add_line 0 0 19 49 97 174 297 980
add_line 0 0 19 49 97 174 440 440 440 980
add_line 0 0 19 49 97 174 440 440 980
add_line 0 0 19 49 97 174 440 980
add_line 0 0 19 49 97 174 980
add_line 0 0 19 49 97 263 263 263 439 980
add_line 0 0 19 49 97 263 263 263 980
add_line 0 0 19 49 97 263 263 410 980
add_line 0 0 19 49 97 263 263 980
add_line 0 0 19 49 97 263 439 439 439 980
add_line 0 0 19 49 97 263 439 439 980
add_line 0 0 19 49 97 263 439 980
add_line 0 0 19 49 97 263 645 645 645 980
add_line 0 0 19 49 97 263 645 645 980
add_line 0 0 19 49 97 263 645 980
add_line 0 0 19 49 97 263 980
add_line 0 0 19 49 97 97 174 358 980
add_line 0 0 19 49 97 97 174 522 980
add_line 0 0 19 49 97 97 174 980
add_line 0 0 19 49 97 97 289 577 980
add_line 0 0 19 49 97 97 289 980
add_line 0 0 19 49 97 97 481 980
add_line 0 0 19 49 97 97 97 174 358 980
add_line 0 0 19 49 97 97 97 174 522 980
add_line 0 0 19 49 97 97 97 174 980
add_line 0 0 19 49 97 97 97 289 577 980
add_line 0 0 19 49 97 97 97 289 980
add_line 0 0 19 49 97 97 97 481 980
add_line 0 0 19 49 97 97 97 980
add_line 0 0 19 49 97 97 980
add_line 0 0 19 49 97 980
add_line 0 0 19 84 153 153 153 263 528 980
add_line 0 0 19 84 153 153 153 263 980
add_line 0 0 19 84 153 153 153 429 980
add_line 0 0 19 84 153 153 153 980
add_line 0 0 19 84 153 153 263 528 980
add_line 0 0 19 84 153 153 263 980
add_line 0 0 19 84 153 153 429 980
add_line 0 0 19 84 153 153 980
add_line 0 0 19 84 153 263 263 263 439 980
add_line 0 0 19 84 153 263 263 263 980
add_line 0 0 19 84 153 263 263 410 980
add_line 0 0 19 84 153 263 263 980
add_line 0 0 19 84 153 263 439 439 439 980
add_line 0 0 19 84 153 263 439 439 980
add_line 0 0 19 84 153 263 439 980
add_line 0 0 19 84 153 263 645 645 645 980
add_line 0 0 19 84 153 263 645 645 980
add_line 0 0 19 84 153 263 645 980
add_line 0 0 19 84 153 263 980
add_line 0 0 19 84 153 392 392 392 646 980
add_line 0 0 19 84 153 392 392 392 980
add_line 0 0 19 84 153 392 392 604 980
add_line 0 0 19 84 153 392 392 980
add_line 0 0 19 84 153 392 646 646 646 980
add_line 0 0 19 84 153 392 646 646 980
add_line 0 0 19 84 153 392 646 980
add_line 0 0 19 84 153 392 980
add_line 0 0 19 84 153 980
add_line 0 0 19 84 234 234 234 393 980
add_line 0 0 19 84 234 234 234 632 980
add_line 0 0 19 84 234 234 234 980
add_line 0 0 19 84 234 234 393 980
add_line 0 0 19 84 234 234 632 980
add_line 0 0 19 84 234 234 980
add_line 0 0 19 84 234 393 393 393 647 980
add_line 0 0 19 84 234 393 393 393 980
add_line 0 0 19 84 234 393 393 605 980
add_line 0 0 19 84 234 393 393 980
add_line 0 0 19 84 234 393 647 647 647 980
add_line 0 0 19 84 234 393 647 647 980
add_line 0 0 19 84 234 393 647 980
add_line 0 0 19 84 234 393 980
add_line 0 0 19 84 234 578 578 578 980
add_line 0 0 19 84 234 578 578 980
add_line 0 0 19 84 234 578 980
add_line 0 0 19 84 234 980
add_line 0 0 19 84 84 142 298 594 980
add_line 0 0 19 84 84 142 298 980
add_line 0 0 19 84 84 142 436 980
add_line 0 0 19 84 84 142 980
add_line 0 0 19 84 84 372 980
add_line 0 0 19 84 84 84 153 319 634 980
add_line 0 0 19 84 84 84 153 319 980
add_line 0 0 19 84 84 84 153 466 980
add_line 0 0 19 84 84 84 153 980
add_line 0 0 19 84 84 84 256 514 980
add_line 0 0 19 84 84 84 256 980
add_line 0 0 19 84 84 84 429 980
add_line 0 0 19 84 84 84 980
add_line 0 0 19 84 84 980
add_line 0 0 19 84 980
add_line 0 0 42 137 137 137 238 480 980
add_line 0 0 42 137 137 137 238 980
add_line 0 0 42 137 137 137 389 980
add_line 0 0 42 137 137 137 641 980
add_line 0 0 42 137 137 137 980
add_line 0 0 42 137 137 221 448 980
add_line 0 0 42 137 137 221 649 980
add_line 0 0 42 137 137 221 980
add_line 0 0 42 137 137 557 980
add_line 0 0 42 137 137 980
add_line 0 0 42 137 238 238 238 399 980
add_line 0 0 42 137 238 238 238 642 980
add_line 0 0 42 137 238 238 238 980
add_line 0 0 42 137 238 238 399 980
add_line 0 0 42 137 238 238 642 980
add_line 0 0 42 137 238 238 980
add_line 0 0 42 137 238 399 399 399 980
add_line 0 0 42 137 238 399 399 614 980
add_line 0 0 42 137 238 399 399 980
add_line 0 0 42 137 238 399 980
add_line 0 0 42 137 238 588 588 588 980
add_line 0 0 42 137 238 588 588 980
add_line 0 0 42 137 238 588 980
add_line 0 0 42 137 238 980
add_line 0 0 42 137 355 355 355 587 980
add_line 0 0 42 137 355 355 355 980
add_line 0 0 42 137 355 355 587 980
add_line 0 0 42 137 355 355 980
add_line 0 0 42 137 355 587 587 587 980
add_line 0 0 42 137 355 587 587 980
add_line 0 0 42 137 355 587 980
add_line 0 0 42 137 355 980
add_line 0 0 42 137 980
add_line 0 0 42 42 152 317 630 980
add_line 0 0 42 42 152 317 980
add_line 0 0 42 42 152 463 980
add_line 0 0 42 42 152 980
add_line 0 0 42 42 261 524 980
add_line 0 0 42 42 261 980
add_line 0 0 42 42 42 152 317 630 980
add_line 0 0 42 42 42 152 317 980
add_line 0 0 42 42 42 152 463 980
add_line 0 0 42 42 42 152 980
add_line 0 0 42 42 42 261 524 980
add_line 0 0 42 42 42 261 980
add_line 0 0 42 42 42 86 191 391 980
add_line 0 0 42 42 42 86 191 568 980
add_line 0 0 42 42 42 86 191 980
add_line 0 0 42 42 42 86 285 569 980
add_line 0 0 42 42 42 86 285 980
add_line 0 0 42 42 42 86 980
add_line 0 0 42 42 86 191 391 980
add_line 0 0 42 42 86 191 568 980
add_line 0 0 42 42 86 191 980
add_line 0 0 42 42 86 285 569 980
add_line 0 0 42 42 86 285 980
add_line 0 0 42 42 86 980
add_line 0 0 42 86 156 156 156 268 537 980
add_line 0 0 42 86 156 156 156 268 980
add_line 0 0 42 86 156 156 156 436 980
add_line 0 0 42 86 156 156 156 980
add_line 0 0 42 86 156 156 268 537 980
add_line 0 0 42 86 156 156 268 980
add_line 0 0 42 86 156 156 436 980
add_line 0 0 42 86 156 156 980
add_line 0 0 42 86 156 268 268 268 447 980
add_line 0 0 42 86 156 268 268 268 980
add_line 0 0 42 86 156 268 268 418 980
add_line 0 0 42 86 156 268 268 980
add_line 0 0 42 86 156 268 447 447 447 980
add_line 0 0 42 86 156 268 447 447 980
add_line 0 0 42 86 156 268 447 980
add_line 0 0 42 86 156 268 980
add_line 0 0 42 86 156 399 399 399 980
add_line 0 0 42 86 156 399 399 614 980
add_line 0 0 42 86 156 399 399 980
add_line 0 0 42 86 156 399 980
add_line 0 0 42 86 156 980
add_line 0 0 42 86 238 238 238 399 980
add_line 0 0 42 86 238 238 238 642 980
add_line 0 0 42 86 238 238 238 980
add_line 0 0 42 86 238 238 399 980
add_line 0 0 42 86 238 238 642 980
add_line 0 0 42 86 238 238 980
add_line 0 0 42 86 238 399 399 399 980
add_line 0 0 42 86 238 399 399 614 980
add_line 0 0 42 86 238 399 399 980
add_line 0 0 42 86 238 399 980
add_line 0 0 42 86 238 588 588 588 980
add_line 0 0 42 86 238 588 588 980
add_line 0 0 42 86 238 588 980
add_line 0 0 42 86 238 980
add_line 0 0 42 86 86 144 302 602 980
add_line 0 0 42 86 86 144 302 980
add_line 0 0 42 86 86 144 442 980
add_line 0 0 42 86 86 144 980
add_line 0 0 42 86 86 378 980
add_line 0 0 42 86 86 86 156 324 644 980
add_line 0 0 42 86 86 86 156 324 980
add_line 0 0 42 86 86 86 156 474 980
add_line 0 0 42 86 86 86 156 980
add_line 0 0 42 86 86 86 262 526 980
add_line 0 0 42 86 86 86 262 980
add_line 0 0 42 86 86 86 437 980
add_line 0 0 42 86 86 86 980
add_line 0 0 42 86 86 980
add_line 0 0 42 86 980
add_line 0 0 62 124 124 124 217 440 980
add_line 0 0 62 124 124 124 217 639 980
add_line 0 0 62 124 124 124 217 980
add_line 0 0 62 124 124 124 356 980
add_line 0 0 62 124 124 124 589 980
add_line 0 0 62 124 124 124 980
add_line 0 0 62 124 124 202 412 980
add_line 0 0 62 124 124 202 598 980
add_line 0 0 62 124 124 202 980
add_line 0 0 62 124 124 512 980
add_line 0 0 62 124 124 980
add_line 0 0 62 124 217 217 217 366 980
add_line 0 0 62 124 217 217 217 589 980
add_line 0 0 62 124 217 217 217 980
add_line 0 0 62 124 217 217 366 980
add_line 0 0 62 124 217 217 589 980
add_line 0 0 62 124 217 217 980
add_line 0 0 62 124 217 366 366 366 604 980
add_line 0 0 62 124 217 366 366 366 980
add_line 0 0 62 124 217 366 366 564 980
add_line 0 0 62 124 217 366 366 980
add_line 0 0 62 124 217 366 604 604 604 980
add_line 0 0 62 124 217 366 604 604 980
add_line 0 0 62 124 217 366 604 980
add_line 0 0 62 124 217 366 980
add_line 0 0 62 124 217 539 539 539 980
add_line 0 0 62 124 217 539 539 980
add_line 0 0 62 124 217 539 980
add_line 0 0 62 124 217 980
add_line 0 0 62 124 326 326 326 540 980
add_line 0 0 62 124 326 326 326 980
add_line 0 0 62 124 326 326 540 980
add_line 0 0 62 124 326 326 980
add_line 0 0 62 124 326 540 540 540 980
add_line 0 0 62 124 326 540 540 980
add_line 0 0 62 124 326 540 980
add_line 0 0 62 124 326 980
add_line 0 0 62 124 980
add_line 0 0 62 183 183 183 311 619 980
add_line 0 0 62 183 183 183 311 980
add_line 0 0 62 183 183 183 504 980
add_line 0 0 62 183 183 183 980
add_line 0 0 62 183 183 290 579 980
add_line 0 0 62 183 183 290 980
add_line 0 0 62 183 183 980
add_line 0 0 62 183 311 311 311 516 980
add_line 0 0 62 183 311 311 311 980
add_line 0 0 62 183 311 311 516 980
add_line 0 0 62 183 311 311 980
add_line 0 0 62 183 311 516 516 516 980
add_line 0 0 62 183 311 516 516 980
add_line 0 0 62 183 311 516 980
add_line 0 0 62 183 311 980
add_line 0 0 62 183 461 461 461 980
add_line 0 0 62 183 461 461 980
add_line 0 0 62 183 461 980
add_line 0 0 62 183 980
add_line 0 0 62 62 118 252 507 980
add_line 0 0 62 62 118 252 980
add_line 0 0 62 62 118 371 980
add_line 0 0 62 62 118 980
add_line 0 0 62 62 202 412 980
add_line 0 0 62 62 202 598 980
add_line 0 0 62 62 202 980
add_line 0 0 62 62 341 980
add_line 0 0 62 62 62 118 252 507 980
add_line 0 0 62 62 62 118 252 980
add_line 0 0 62 62 62 118 371 980
add_line 0 0 62 62 62 118 980
add_line 0 0 62 62 62 202 412 980
add_line 0 0 62 62 62 202 598 980
add_line 0 0 62 62 62 202 980
add_line 0 0 62 62 62 341 980
add_line 0 0 62 62 62 980
add_line 0 0 62 62 980
add_line 0 0 62 980
add_line 0 0 93 186 186 186 316 628 980
add_line 0 0 93 186 186 186 316 980
add_line 0 0 93 186 186 186 512 980
add_line 0 0 93 186 186 186 980
add_line 0 0 93 186 186 294 586 980
add_line 0 0 93 186 186 294 980
add_line 0 0 93 186 186 980
add_line 0 0 93 186 316 316 316 524 980
add_line 0 0 93 186 316 316 316 980
add_line 0 0 93 186 316 316 524 980
add_line 0 0 93 186 316 316 980
add_line 0 0 93 186 316 524 524 524 980
add_line 0 0 93 186 316 524 524 980
add_line 0 0 93 186 316 524 980
add_line 0 0 93 186 316 980
add_line 0 0 93 186 468 468 468 980
add_line 0 0 93 186 468 468 980
add_line 0 0 93 186 468 980
add_line 0 0 93 186 980
add_line 0 0 93 254 254 254 425 980
add_line 0 0 93 254 254 254 980
add_line 0 0 93 254 254 396 980
add_line 0 0 93 254 254 980
add_line 0 0 93 254 425 425 425 980
add_line 0 0 93 254 425 425 980
add_line 0 0 93 254 425 980
add_line 0 0 93 254 624 624 624 980
add_line 0 0 93 254 624 624 980
add_line 0 0 93 254 624 980
add_line 0 0 93 254 980
add_line 0 0 93 93 167 345 980
add_line 0 0 93 93 167 504 980
add_line 0 0 93 93 167 980
add_line 0 0 93 93 279 558 980
add_line 0 0 93 93 279 980
add_line 0 0 93 93 465 980
add_line 0 0 93 93 93 167 345 980
add_line 0 0 93 93 93 167 504 980
add_line 0 0 93 93 93 167 980
add_line 0 0 93 93 93 279 558 980
add_line 0 0 93 93 93 279 980
add_line 0 0 93 93 93 465 980
add_line 0 0 93 93 93 980
add_line 0 0 93 93 980
add_line 0 0 93 980
add_line 0 31 109 109 109 109 109 193 395 980
add_line 0 31 109 109 109 109 109 193 574 980
add_line 0 31 109 109 109 109 109 193 980
add_line 0 31 109 109 109 109 109 319 634 980
add_line 0 31 109 109 109 109 109 319 980
add_line 0 31 109 109 109 109 109 529 980
add_line 0 31 109 109 109 109 109 980
add_line 0 31 109 109 109 109 193 395 980
add_line 0 31 109 109 109 109 193 574 980
add_line 0 31 109 109 109 109 193 980
add_line 0 31 109 109 109 109 319 634 980
add_line 0 31 109 109 109 109 319 980
add_line 0 31 109 109 109 109 529 980
add_line 0 31 109 109 109 109 980
add_line 0 31 109 109 109 193 193 193 327 649 980
add_line 0 31 109 109 109 193 193 193 327 980
add_line 0 31 109 109 109 193 193 193 529 980
add_line 0 31 109 109 109 193 193 193 980
add_line 0 31 109 109 109 193 193 305 607 980
add_line 0 31 109 109 109 193 193 305 980
add_line 0 31 109 109 109 193 193 980
add_line 0 31 109 109 109 193 327 327 327 542 980
add_line 0 31 109 109 109 193 327 327 327 980
add_line 0 31 109 109 109 193 327 327 542 980
add_line 0 31 109 109 109 193 327 327 980
add_line 0 31 109 109 109 193 327 542 542 542 980
add_line 0 31 109 109 109 193 327 542 542 980
add_line 0 31 109 109 109 193 327 542 980
add_line 0 31 109 109 109 193 327 980
add_line 0 31 109 109 109 193 484 484 484 980
add_line 0 31 109 109 109 193 484 484 980
add_line 0 31 109 109 109 193 484 980
add_line 0 31 109 109 109 193 980
add_line 0 31 109 109 109 297 297 297 494 980
add_line 0 31 109 109 109 297 297 297 980
add_line 0 31 109 109 109 297 297 461 980
add_line 0 31 109 109 109 297 297 980
add_line 0 31 109 109 109 297 494 494 494 980
add_line 0 31 109 109 109 297 494 494 980
add_line 0 31 109 109 109 297 494 980
add_line 0 31 109 109 109 297 980
add_line 0 31 109 109 109 389 389 389 641 980
add_line 0 31 109 109 109 389 389 389 980
add_line 0 31 109 109 109 389 389 599 980
add_line 0 31 109 109 109 389 389 980
add_line 0 31 109 109 109 389 980
add_line 0 31 109 109 109 529 529 529 980
add_line 0 31 109 109 109 529 529 980
add_line 0 31 109 109 109 529 980
add_line 0 31 109 109 109 980
add_line 0 31 109 109 193 193 193 327 649 980
add_line 0 31 109 109 193 193 193 327 980
add_line 0 31 109 109 193 193 193 529 980
add_line 0 31 109 109 193 193 193 980
add_line 0 31 109 109 193 193 327 649 980
add_line 0 31 109 109 193 193 327 980
add_line 0 31 109 109 193 193 529 980
add_line 0 31 109 109 193 193 980
add_line 0 31 109 109 193 327 327 327 542 980
add_line 0 31 109 109 193 327 327 327 980
add_line 0 31 109 109 193 327 327 506 980
add_line 0 31 109 109 193 327 327 980
add_line 0 31 109 109 193 327 542 542 542 980
add_line 0 31 109 109 193 327 542 542 980
add_line 0 31 109 109 193 327 542 980
add_line 0 31 109 109 193 327 980
add_line 0 31 109 109 193 484 484 484 980
add_line 0 31 109 109 193 484 484 980
add_line 0 31 109 109 193 484 980
add_line 0 31 109 109 193 980
add_line 0 31 109 109 297 297 297 494 980
add_line 0 31 109 109 297 297 297 980
add_line 0 31 109 109 297 297 494 980
add_line 0 31 109 109 297 297 980
add_line 0 31 109 109 297 494 494 494 980
add_line 0 31 109 109 297 494 494 980
add_line 0 31 109 109 297 494 980
add_line 0 31 109 109 297 980
add_line 0 31 109 109 389 389 389 641 980
add_line 0 31 109 109 389 389 389 980
add_line 0 31 109 109 389 389 641 980
add_line 0 31 109 109 389 389 980
add_line 0 31 109 109 389 980
add_line 0 31 109 109 529 529 529 980
add_line 0 31 109 109 529 529 980
add_line 0 31 109 109 529 980
add_line 0 31 109 109 980
add_line 0 31 109 265 265 265 265 265 443 980
add_line 0 31 109 265 265 265 265 265 980
add_line 0 31 109 265 265 265 265 443 980
add_line 0 31 109 265 265 265 265 980
add_line 0 31 109 265 265 265 443 443 443 980
add_line 0 31 109 265 265 265 443 443 980
add_line 0 31 109 265 265 265 443 980
add_line 0 31 109 265 265 265 980
add_line 0 31 109 265 265 443 443 443 980
add_line 0 31 109 265 265 443 443 980
add_line 0 31 109 265 265 443 980
add_line 0 31 109 265 265 980
add_line 0 31 109 265 655 655 655 655 655 980
add_line 0 31 109 265 655 655 655 655 980
add_line 0 31 109 265 655 655 655 980
add_line 0 31 109 265 655 655 980
add_line 0 31 109 265 655 980
add_line 0 31 31 130 130 130 227 459 980
add_line 0 31 31 130 130 130 227 980
add_line 0 31 31 130 130 130 372 980
add_line 0 31 31 130 130 130 613 980
add_line 0 31 31 130 130 130 980
add_line 0 31 31 130 130 227 459 980
add_line 0 31 31 130 130 227 980
add_line 0 31 31 130 130 372 980
add_line 0 31 31 130 130 613 980
add_line 0 31 31 130 130 980
add_line 0 31 31 130 229 229 229 385 980
add_line 0 31 31 130 229 229 229 619 980
add_line 0 31 31 130 229 229 229 980
add_line 0 31 31 130 229 229 359 980
add_line 0 31 31 130 229 229 980
add_line 0 31 31 130 229 385 385 385 635 980
add_line 0 31 31 130 229 385 385 385 980
add_line 0 31 31 130 229 385 385 635 980
add_line 0 31 31 130 229 385 385 980
add_line 0 31 31 130 229 385 635 635 635 980
add_line 0 31 31 130 229 385 635 635 980
add_line 0 31 31 130 229 385 635 980
add_line 0 31 31 130 229 385 980
add_line 0 31 31 130 229 567 567 567 980
add_line 0 31 31 130 229 567 567 980
add_line 0 31 31 130 229 567 980
add_line 0 31 31 130 229 980
add_line 0 31 31 130 339 339 339 561 980
add_line 0 31 31 130 339 339 339 980
add_line 0 31 31 130 339 339 524 980
add_line 0 31 31 130 339 339 980
add_line 0 31 31 130 339 561 561 561 980
add_line 0 31 31 130 339 561 561 980
add_line 0 31 31 130 339 561 980
add_line 0 31 31 130 339 980
add_line 0 31 31 130 980
add_line 0 31 31 31 114 114 114 201 410 980
add_line 0 31 31 31 114 114 114 201 595 980
add_line 0 31 31 31 114 114 114 201 980
add_line 0 31 31 31 114 114 114 332 980
add_line 0 31 31 31 114 114 114 549 980
add_line 0 31 31 31 114 114 114 980
add_line 0 31 31 31 114 114 186 381 980
add_line 0 31 31 31 114 114 186 555 980
add_line 0 31 31 31 114 114 186 980
add_line 0 31 31 31 114 114 476 980
add_line 0 31 31 31 114 114 980
add_line 0 31 31 31 114 201 201 201 340 980
add_line 0 31 31 31 114 201 201 201 549 980
add_line 0 31 31 31 114 201 201 201 980
add_line 0 31 31 31 114 201 201 340 980
add_line 0 31 31 31 114 201 201 549 980
add_line 0 31 31 31 114 201 201 980
add_line 0 31 31 31 114 201 340 340 340 563 980
add_line 0 31 31 31 114 201 340 340 340 980
add_line 0 31 31 31 114 201 340 340 526 980
add_line 0 31 31 31 114 201 340 340 980
add_line 0 31 31 31 114 201 340 563 563 563 980
add_line 0 31 31 31 114 201 340 563 563 980
add_line 0 31 31 31 114 201 340 563 980
add_line 0 31 31 31 114 201 340 980
add_line 0 31 31 31 114 201 503 503 503 980
add_line 0 31 31 31 114 201 503 503 980
add_line 0 31 31 31 114 201 503 980
add_line 0 31 31 31 114 201 980
add_line 0 31 31 31 114 302 302 302 502 980
add_line 0 31 31 31 114 302 302 302 980
add_line 0 31 31 31 114 302 302 502 980
add_line 0 31 31 31 114 302 302 980
add_line 0 31 31 31 114 302 502 502 502 980
add_line 0 31 31 31 114 302 502 502 980
add_line 0 31 31 31 114 302 502 980
add_line 0 31 31 31 114 302 980
add_line 0 31 31 31 114 980
add_line 0 31 31 31 155 155 155 267 535 980
add_line 0 31 31 31 155 155 155 267 980
add_line 0 31 31 31 155 155 155 434 980
add_line 0 31 31 31 155 155 155 980
add_line 0 31 31 31 155 155 248 499 980
add_line 0 31 31 31 155 155 248 980
add_line 0 31 31 31 155 155 620 980
add_line 0 31 31 31 155 155 980
add_line 0 31 31 31 155 279 279 279 465 980
add_line 0 31 31 31 155 279 279 279 980
add_line 0 31 31 31 155 279 279 465 980
add_line 0 31 31 31 155 279 279 980
add_line 0 31 31 31 155 279 465 465 465 980
add_line 0 31 31 31 155 279 465 465 980
add_line 0 31 31 31 155 279 465 980
add_line 0 31 31 31 155 279 980
add_line 0 31 31 31 155 397 397 397 654 980
add_line 0 31 31 31 155 397 397 397 980
add_line 0 31 31 31 155 397 397 654 980
add_line 0 31 31 31 155 397 397 980
add_line 0 31 31 31 155 397 654 654 654 980
add_line 0 31 31 31 155 397 654 654 980
add_line 0 31 31 31 155 397 654 980
add_line 0 31 31 31 155 397 980
add_line 0 31 31 31 155 980
add_line 0 31 31 31 217 217 217 366 980
add_line 0 31 31 31 217 217 217 589 980
add_line 0 31 31 31 217 217 217 980
add_line 0 31 31 31 217 217 341 980
add_line 0 31 31 31 217 217 980
add_line 0 31 31 31 217 403 403 403 980
add_line 0 31 31 31 217 403 403 980
add_line 0 31 31 31 217 403 980
add_line 0 31 31 31 217 539 539 539 980
add_line 0 31 31 31 217 539 539 980
add_line 0 31 31 31 217 539 980
add_line 0 31 31 31 217 980
add_line 0 31 31 31 31 124 264 530 980
add_line 0 31 31 31 31 124 264 980
add_line 0 31 31 31 31 124 388 980
add_line 0 31 31 31 31 124 980
add_line 0 31 31 31 31 217 440 980
add_line 0 31 31 31 31 217 639 980
add_line 0 31 31 31 31 217 980
add_line 0 31 31 31 31 31 124 264 530 980
add_line 0 31 31 31 31 31 124 264 980
add_line 0 31 31 31 31 31 124 388 980
add_line 0 31 31 31 31 31 124 980
add_line 0 31 31 31 31 31 217 440 980
add_line 0 31 31 31 31 31 217 639 980
add_line 0 31 31 31 31 31 217 980
add_line 0 31 31 31 31 31 68 157 326 647 980
add_line 0 31 31 31 31 31 68 157 326 980
add_line 0 31 31 31 31 31 68 157 477 980
add_line 0 31 31 31 31 31 68 157 980
add_line 0 31 31 31 31 31 68 236 476 980
add_line 0 31 31 31 31 31 68 236 980
add_line 0 31 31 31 31 31 68 980
add_line 0 31 31 31 31 68 157 326 647 980
add_line 0 31 31 31 31 68 157 326 980
add_line 0 31 31 31 31 68 157 477 980
add_line 0 31 31 31 31 68 157 980
add_line 0 31 31 31 31 68 236 476 980
add_line 0 31 31 31 31 68 236 980
add_line 0 31 31 31 31 68 980
add_line 0 31 31 31 68 127 127 127 222 450 980
add_line 0 31 31 31 68 127 127 127 222 652 980
add_line 0 31 31 31 68 127 127 127 222 980
add_line 0 31 31 31 68 127 127 127 364 980
add_line 0 31 31 31 68 127 127 127 601 980
add_line 0 31 31 31 68 127 127 127 980
add_line 0 31 31 31 68 127 127 222 450 980
add_line 0 31 31 31 68 127 127 222 652 980
add_line 0 31 31 31 68 127 127 222 980
add_line 0 31 31 31 68 127 127 364 980
add_line 0 31 31 31 68 127 127 601 980
add_line 0 31 31 31 68 127 127 980
add_line 0 31 31 31 68 127 222 222 222 374 980
add_line 0 31 31 31 68 127 222 222 222 602 980
add_line 0 31 31 31 68 127 222 222 222 980
add_line 0 31 31 31 68 127 222 222 348 980
add_line 0 31 31 31 68 127 222 222 980
add_line 0 31 31 31 68 127 222 374 374 374 617 980
add_line 0 31 31 31 68 127 222 374 374 374 980
add_line 0 31 31 31 68 127 222 374 374 617 980
add_line 0 31 31 31 68 127 222 374 374 980
add_line 0 31 31 31 68 127 222 374 617 617 617 980
add_line 0 31 31 31 68 127 222 374 617 617 980
add_line 0 31 31 31 68 127 222 374 617 980
add_line 0 31 31 31 68 127 222 374 980
add_line 0 31 31 31 68 127 222 551 551 551 980
add_line 0 31 31 31 68 127 222 551 551 980
add_line 0 31 31 31 68 127 222 551 980
add_line 0 31 31 31 68 127 222 980
add_line 0 31 31 31 68 127 332 332 332 550 980
add_line 0 31 31 31 68 127 332 332 332 980
add_line 0 31 31 31 68 127 332 332 514 980
add_line 0 31 31 31 68 127 332 332 980
add_line 0 31 31 31 68 127 332 550 550 550 980
add_line 0 31 31 31 68 127 332 550 550 980
add_line 0 31 31 31 68 127 332 550 980
add_line 0 31 31 31 68 127 332 980
add_line 0 31 31 31 68 127 980
add_line 0 31 31 31 68 197 197 197 334 980
add_line 0 31 31 31 68 197 197 197 539 980
add_line 0 31 31 31 68 197 197 197 980
add_line 0 31 31 31 68 197 197 334 980
add_line 0 31 31 31 68 197 197 539 980
add_line 0 31 31 31 68 197 197 980
add_line 0 31 31 31 68 197 334 334 334 553 980
add_line 0 31 31 31 68 197 334 334 334 980
add_line 0 31 31 31 68 197 334 334 516 980
add_line 0 31 31 31 68 197 334 334 980
add_line 0 31 31 31 68 197 334 553 553 553 980
add_line 0 31 31 31 68 197 334 553 553 980
add_line 0 31 31 31 68 197 334 553 980
add_line 0 31 31 31 68 197 334 980
add_line 0 31 31 31 68 197 493 493 493 980
add_line 0 31 31 31 68 197 493 493 980
add_line 0 31 31 31 68 197 493 980
add_line 0 31 31 31 68 197 980
add_line 0 31 31 31 68 68 118 252 507 980
add_line 0 31 31 31 68 68 118 252 980
add_line 0 31 31 31 68 68 118 371 980
add_line 0 31 31 31 68 68 118 980
add_line 0 31 31 31 68 68 316 628 980
add_line 0 31 31 31 68 68 316 980
add_line 0 31 31 31 68 68 68 127 269 539 980
add_line 0 31 31 31 68 68 68 127 269 980
add_line 0 31 31 31 68 68 68 127 396 980
add_line 0 31 31 31 68 68 68 127 980
add_line 0 31 31 31 68 68 68 216 438 980
add_line 0 31 31 31 68 68 68 216 636 980
add_line 0 31 31 31 68 68 68 216 980
add_line 0 31 31 31 68 68 68 365 980
add_line 0 31 31 31 68 68 68 980
add_line 0 31 31 31 68 68 980
add_line 0 31 31 31 68 980
add_line 0 31 31 68 127 127 127 222 450 980
add_line 0 31 31 68 127 127 127 222 652 980
add_line 0 31 31 68 127 127 127 222 980
add_line 0 31 31 68 127 127 127 364 980
add_line 0 31 31 68 127 127 127 601 980
add_line 0 31 31 68 127 127 127 980
add_line 0 31 31 68 127 127 206 419 980
add_line 0 31 31 68 127 127 206 609 980
add_line 0 31 31 68 127 127 206 980
add_line 0 31 31 68 127 127 522 980
add_line 0 31 31 68 127 127 980
add_line 0 31 31 68 127 222 222 222 374 980
add_line 0 31 31 68 127 222 222 222 602 980
add_line 0 31 31 68 127 222 222 222 980
add_line 0 31 31 68 127 222 222 374 980
add_line 0 31 31 68 127 222 222 602 980
add_line 0 31 31 68 127 222 222 980
add_line 0 31 31 68 127 222 374 374 374 617 980
add_line 0 31 31 68 127 222 374 374 374 980
add_line 0 31 31 68 127 222 374 374 576 980
add_line 0 31 31 68 127 222 374 374 980
add_line 0 31 31 68 127 222 374 617 617 617 980
add_line 0 31 31 68 127 222 374 617 617 980
add_line 0 31 31 68 127 222 374 617 980
add_line 0 31 31 68 127 222 374 980
add_line 0 31 31 68 127 222 551 551 551 980
add_line 0 31 31 68 127 222 551 551 980
add_line 0 31 31 68 127 222 551 980
add_line 0 31 31 68 127 222 980
add_line 0 31 31 68 127 332 332 332 550 980
add_line 0 31 31 68 127 332 332 332 980
add_line 0 31 31 68 127 332 332 550 980
add_line 0 31 31 68 127 332 332 980
add_line 0 31 31 68 127 332 550 550 550 980
add_line 0 31 31 68 127 332 550 550 980
add_line 0 31 31 68 127 332 550 980
add_line 0 31 31 68 127 332 980
add_line 0 31 31 68 127 980
add_line 0 31 31 68 197 197 197 334 980
add_line 0 31 31 68 197 197 197 539 980
add_line 0 31 31 68 197 197 197 980
add_line 0 31 31 68 197 197 311 619 980
add_line 0 31 31 68 197 197 311 980
add_line 0 31 31 68 197 197 980
add_line 0 31 31 68 197 334 334 334 553 980
add_line 0 31 31 68 197 334 334 334 980
add_line 0 31 31 68 197 334 334 553 980
add_line 0 31 31 68 197 334 334 980
add_line 0 31 31 68 197 334 553 553 553 980
add_line 0 31 31 68 197 334 553 553 980
add_line 0 31 31 68 197 334 553 980
add_line 0 31 31 68 197 334 980
add_line 0 31 31 68 197 493 493 493 980
add_line 0 31 31 68 197 493 493 980
add_line 0 31 31 68 197 493 980
add_line 0 31 31 68 197 980
add_line 0 31 31 68 68 127 269 539 980
add_line 0 31 31 68 68 127 269 980
add_line 0 31 31 68 68 127 396 980
add_line 0 31 31 68 68 127 980
add_line 0 31 31 68 68 216 438 980
add_line 0 31 31 68 68 216 636 980
add_line 0 31 31 68 68 216 980
add_line 0 31 31 68 68 365 980
add_line 0 31 31 68 68 68 127 269 539 980
add_line 0 31 31 68 68 68 127 269 980
add_line 0 31 31 68 68 68 127 396 980
add_line 0 31 31 68 68 68 127 980
add_line 0 31 31 68 68 68 216 438 980
add_line 0 31 31 68 68 68 216 636 980
add_line 0 31 31 68 68 68 216 980
add_line 0 31 31 68 68 68 365 980
add_line 0 31 31 68 68 68 980
add_line 0 31 31 68 68 980
add_line 0 31 31 68 980
add_line 31 31 114 114 114 201 410 980
add_line 31 31 114 114 114 201 595 980
add_line 31 31 114 114 114 201 980
add_line 31 31 114 114 114 332 980
add_line 31 31 114 114 114 549 980
add_line 31 31 114 114 114 980
add_line 31 31 114 114 201 410 980
add_line 31 31 114 114 201 595 980
add_line 31 31 114 114 201 980
add_line 31 31 114 114 332 980
add_line 31 31 114 114 549 980
add_line 31 31 114 114 980
add_line 31 31 114 201 201 201 340 980
add_line 31 31 114 201 201 201 549 980
add_line 31 31 114 201 201 201 980
add_line 31 31 114 201 201 317 630 980
add_line 31 31 114 201 201 317 980
add_line 31 31 114 201 201 980
add_line 31 31 114 201 340 340 340 563 980
add_line 31 31 114 201 340 340 340 980
add_line 31 31 114 201 340 340 563 980
add_line 31 31 114 201 340 340 980
add_line 31 31 114 201 340 563 563 563 980
add_line 31 31 114 201 340 563 563 980
add_line 31 31 114 201 340 563 980
add_line 31 31 114 201 340 980
add_line 31 31 114 201 503 503 503 980
add_line 31 31 114 201 503 503 980
add_line 31 31 114 201 503 980
add_line 31 31 114 201 980
add_line 31 31 114 302 302 302 502 980
add_line 31 31 114 302 302 302 980
add_line 31 31 114 302 302 468 980
add_line 31 31 114 302 302 980
add_line 31 31 114 302 502 502 502 980
add_line 31 31 114 302 502 502 980
add_line 31 31 114 302 502 980
add_line 31 31 114 302 980
add_line 31 31 114 980
add_line 31 31 155 155 155 267 535 980
add_line 31 31 155 155 155 267 980
add_line 31 31 155 155 155 434 980
add_line 31 31 155 155 155 980
add_line 31 31 155 155 267 535 980
add_line 31 31 155 155 267 980
add_line 31 31 155 155 434 980
add_line 31 31 155 155 980
add_line 31 31 155 279 279 279 465 980
add_line 31 31 155 279 279 279 980
add_line 31 31 155 279 279 434 980
add_line 31 31 155 279 279 980
add_line 31 31 155 279 465 465 465 980
add_line 31 31 155 279 465 465 980
add_line 31 31 155 279 465 980
add_line 31 31 155 279 980
add_line 31 31 155 397 397 397 654 980
add_line 31 31 155 397 397 397 980
add_line 31 31 155 397 397 611 980
add_line 31 31 155 397 397 980
add_line 31 31 155 397 654 654 654 980
add_line 31 31 155 397 654 654 980
add_line 31 31 155 397 654 980
add_line 31 31 155 397 980
add_line 31 31 155 980
add_line 31 31 217 217 217 366 980
add_line 31 31 217 217 217 589 980
add_line 31 31 217 217 217 980
add_line 31 31 217 217 366 980
add_line 31 31 217 217 589 980
add_line 31 31 217 217 980
add_line 31 31 217 403 403 403 980
add_line 31 31 217 403 403 620 980
add_line 31 31 217 403 403 980
add_line 31 31 217 403 980
add_line 31 31 217 539 539 539 980
add_line 31 31 217 539 539 980
add_line 31 31 217 539 980
add_line 31 31 217 980
add_line 31 31 31 114 114 114 201 410 980
add_line 31 31 31 114 114 114 201 595 980
add_line 31 31 31 114 114 114 201 980
add_line 31 31 31 114 114 114 332 980
add_line 31 31 31 114 114 114 549 980
add_line 31 31 31 114 114 114 980
add_line 31 31 31 114 114 186 381 980
add_line 31 31 31 114 114 186 555 980
add_line 31 31 31 114 114 186 980
add_line 31 31 31 114 114 476 980
add_line 31 31 31 114 114 980
add_line 31 31 31 114 201 201 201 340 980
add_line 31 31 31 114 201 201 201 549 980
add_line 31 31 31 114 201 201 201 980
add_line 31 31 31 114 201 201 340 980
add_line 31 31 31 114 201 201 549 980
add_line 31 31 31 114 201 201 980
add_line 31 31 31 114 201 340 340 340 563 980
add_line 31 31 31 114 201 340 340 340 980
add_line 31 31 31 114 201 340 340 526 980
add_line 31 31 31 114 201 340 340 980
add_line 31 31 31 114 201 340 563 563 563 980
add_line 31 31 31 114 201 340 563 563 980
add_line 31 31 31 114 201 340 563 980
add_line 31 31 31 114 201 340 980
add_line 31 31 31 114 201 503 503 503 980
add_line 31 31 31 114 201 503 503 980
add_line 31 31 31 114 201 503 980
add_line 31 31 31 114 201 980
add_line 31 31 31 114 302 302 302 502 980
add_line 31 31 31 114 302 302 302 980
add_line 31 31 31 114 302 302 502 980
add_line 31 31 31 114 302 302 980
add_line 31 31 31 114 302 502 502 502 980
add_line 31 31 31 114 302 502 502 980
add_line 31 31 31 114 302 502 980
add_line 31 31 31 114 302 980
add_line 31 31 31 114 980
add_line 31 31 31 155 155 155 267 535 980
add_line 31 31 31 155 155 155 267 980
add_line 31 31 31 155 155 155 434 980
add_line 31 31 31 155 155 155 980
add_line 31 31 31 155 155 248 499 980
add_line 31 31 31 155 155 248 980
add_line 31 31 31 155 155 620 980
add_line 31 31 31 155 155 980
add_line 31 31 31 155 279 279 279 465 980
add_line 31 31 31 155 279 279 279 980
add_line 31 31 31 155 279 279 465 980
add_line 31 31 31 155 279 279 980
add_line 31 31 31 155 279 465 465 465 980
add_line 31 31 31 155 279 465 465 980
add_line 31 31 31 155 279 465 980
add_line 31 31 31 155 279 980
add_line 31 31 31 155 397 397 397 654 980
add_line 31 31 31 155 397 397 397 980
add_line 31 31 31 155 397 397 654 980
add_line 31 31 31 155 397 397 980
add_line 31 31 31 155 397 654 654 654 980
add_line 31 31 31 155 397 654 654 980
add_line 31 31 31 155 397 654 980
add_line 31 31 31 155 397 980
add_line 31 31 31 155 980
add_line 31 31 31 217 217 217 366 980
add_line 31 31 31 217 217 217 589 980
add_line 31 31 31 217 217 217 980
add_line 31 31 31 217 217 341 980
add_line 31 31 31 217 217 980
add_line 31 31 31 217 403 403 403 980
add_line 31 31 31 217 403 403 980
add_line 31 31 31 217 403 980
add_line 31 31 31 217 539 539 539 980
add_line 31 31 31 217 539 539 980
add_line 31 31 31 217 539 980
add_line 31 31 31 217 980
add_line 31 31 31 31 124 264 530 980
add_line 31 31 31 31 124 264 980
add_line 31 31 31 31 124 388 980
add_line 31 31 31 31 124 980
add_line 31 31 31 31 217 440 980
add_line 31 31 31 31 217 639 980
add_line 31 31 31 31 217 980
add_line 31 31 31 31 31 124 264 530 980
add_line 31 31 31 31 31 124 264 980
add_line 31 31 31 31 31 124 388 980
add_line 31 31 31 31 31 124 980
add_line 31 31 31 31 31 217 440 980
add_line 31 31 31 31 31 217 639 980
add_line 31 31 31 31 31 217 980
add_line 31 31 31 31 31 68 157 326 647 980
add_line 31 31 31 31 31 68 157 326 980
add_line 31 31 31 31 31 68 157 477 980
add_line 31 31 31 31 31 68 157 980
add_line 31 31 31 31 31 68 236 476 980
add_line 31 31 31 31 31 68 236 980
add_line 31 31 31 31 31 68 980
add_line 31 31 31 31 68 157 326 647 980
add_line 31 31 31 31 68 157 326 980
add_line 31 31 31 31 68 157 477 980
add_line 31 31 31 31 68 157 980
add_line 31 31 31 31 68 236 476 980
add_line 31 31 31 31 68 236 980
add_line 31 31 31 31 68 980
add_line 31 31 31 68 127 127 127 222 450 980
add_line 31 31 31 68 127 127 127 222 652 980
add_line 31 31 31 68 127 127 127 222 980
add_line 31 31 31 68 127 127 127 364 980
add_line 31 31 31 68 127 127 127 601 980
add_line 31 31 31 68 127 127 127 980
add_line 31 31 31 68 127 127 222 450 980
add_line 31 31 31 68 127 127 222 652 980
add_line 31 31 31 68 127 127 222 980
add_line 31 31 31 68 127 127 364 980
add_line 31 31 31 68 127 127 601 980
add_line 31 31 31 68 127 127 980
add_line 31 31 31 68 127 222 222 222 374 980
add_line 31 31 31 68 127 222 222 222 602 980
add_line 31 31 31 68 127 222 222 222 980
add_line 31 31 31 68 127 222 222 348 980
add_line 31 31 31 68 127 222 222 980
add_line 31 31 31 68 127 222 374 374 374 617 980
add_line 31 31 31 68 127 222 374 374 374 980
add_line 31 31 31 68 127 222 374 374 617 980
add_line 31 31 31 68 127 222 374 374 980
add_line 31 31 31 68 127 222 374 617 617 617 980
add_line 31 31 31 68 127 222 374 617 617 980
add_line 31 31 31 68 127 222 374 617 980
add_line 31 31 31 68 127 222 374 980
add_line 31 31 31 68 127 222 551 551 551 980
add_line 31 31 31 68 127 222 551 551 980
add_line 31 31 31 68 127 222 551 980
add_line 31 31 31 68 127 222 980
add_line 31 31 31 68 127 332 332 332 550 980
add_line 31 31 31 68 127 332 332 332 980
add_line 31 31 31 68 127 332 332 514 980
add_line 31 31 31 68 127 332 332 980
add_line 31 31 31 68 127 332 550 550 550 980
add_line 31 31 31 68 127 332 550 550 980
add_line 31 31 31 68 127 332 550 980
add_line 31 31 31 68 127 332 980
add_line 31 31 31 68 127 980
add_line 31 31 31 68 197 197 197 334 980
add_line 31 31 31 68 197 197 197 539 980
add_line 31 31 31 68 197 197 197 980
add_line 31 31 31 68 197 197 334 980
add_line 31 31 31 68 197 197 539 980
add_line 31 31 31 68 197 197 980
add_line 31 31 31 68 197 334 334 334 553 980
add_line 31 31 31 68 197 334 334 334 980
add_line 31 31 31 68 197 334 334 516 980
add_line 31 31 31 68 197 334 334 980
add_line 31 31 31 68 197 334 553 553 553 980
add_line 31 31 31 68 197 334 553 553 980
add_line 31 31 31 68 197 334 553 980
add_line 31 31 31 68 197 334 980
add_line 31 31 31 68 197 493 493 493 980
add_line 31 31 31 68 197 493 493 980
add_line 31 31 31 68 197 493 980
add_line 31 31 31 68 197 980
add_line 31 31 31 68 68 118 252 507 980
add_line 31 31 31 68 68 118 252 980
add_line 31 31 31 68 68 118 371 980
add_line 31 31 31 68 68 118 980
add_line 31 31 31 68 68 316 628 980
add_line 31 31 31 68 68 316 980
add_line 31 31 31 68 68 68 127 269 539 980
add_line 31 31 31 68 68 68 127 269 980
add_line 31 31 31 68 68 68 127 396 980
add_line 31 31 31 68 68 68 127 980
add_line 31 31 31 68 68 68 216 438 980
add_line 31 31 31 68 68 68 216 636 980
add_line 31 31 31 68 68 68 216 980
add_line 31 31 31 68 68 68 365 980
add_line 31 31 31 68 68 68 980
add_line 31 31 31 68 68 980
add_line 31 31 31 68 980
add_line 31 31 68 127 127 127 222 450 980
add_line 31 31 68 127 127 127 222 652 980
add_line 31 31 68 127 127 127 222 980
add_line 31 31 68 127 127 127 364 980
add_line 31 31 68 127 127 127 601 980
add_line 31 31 68 127 127 127 980
add_line 31 31 68 127 127 206 419 980
add_line 31 31 68 127 127 206 609 980
add_line 31 31 68 127 127 206 980
add_line 31 31 68 127 127 522 980
add_line 31 31 68 127 127 980
add_line 31 31 68 127 222 222 222 374 980
add_line 31 31 68 127 222 222 222 602 980
add_line 31 31 68 127 222 222 222 980
add_line 31 31 68 127 222 222 374 980
add_line 31 31 68 127 222 222 602 980
add_line 31 31 68 127 222 222 980
add_line 31 31 68 127 222 374 374 374 617 980
add_line 31 31 68 127 222 374 374 374 980
add_line 31 31 68 127 222 374 374 576 980
add_line 31 31 68 127 222 374 374 980
add_line 31 31 68 127 222 374 617 617 617 980
add_line 31 31 68 127 222 374 617 617 980
add_line 31 31 68 127 222 374 617 980
add_line 31 31 68 127 222 374 980
add_line 31 31 68 127 222 551 551 551 980
add_line 31 31 68 127 222 551 551 980
add_line 31 31 68 127 222 551 980
add_line 31 31 68 127 222 980
add_line 31 31 68 127 332 332 332 550 980
add_line 31 31 68 127 332 332 332 980
add_line 31 31 68 127 332 332 550 980
add_line 31 31 68 127 332 332 980
add_line 31 31 68 127 332 550 550 550 980
add_line 31 31 68 127 332 550 550 980
add_line 31 31 68 127 332 550 980
add_line 31 31 68 127 332 980
add_line 31 31 68 127 980
add_line 31 31 68 197 197 197 334 980
add_line 31 31 68 197 197 197 539 980
add_line 31 31 68 197 197 197 980
add_line 31 31 68 197 197 311 619 980
add_line 31 31 68 197 197 311 980
add_line 31 31 68 197 197 980
add_line 31 31 68 197 334 334 334 553 980
add_line 31 31 68 197 334 334 334 980
add_line 31 31 68 197 334 334 553 980
add_line 31 31 68 197 334 334 980
add_line 31 31 68 197 334 553 553 553 980
add_line 31 31 68 197 334 553 553 980
add_line 31 31 68 197 334 553 980
add_line 31 31 68 197 334 980
add_line 31 31 68 197 493 493 493 980
add_line 31 31 68 197 493 493 980
add_line 31 31 68 197 493 980
add_line 31 31 68 197 980
add_line 31 31 68 68 127 269 539 980
add_line 31 31 68 68 127 269 980
add_line 31 31 68 68 127 396 980
add_line 31 31 68 68 127 980
add_line 31 31 68 68 216 438 980
add_line 31 31 68 68 216 636 980
add_line 31 31 68 68 216 980
add_line 31 31 68 68 365 980
add_line 31 31 68 68 68 127 269 539 980
add_line 31 31 68 68 68 127 269 980
add_line 31 31 68 68 68 127 396 980
add_line 31 31 68 68 68 127 980
add_line 31 31 68 68 68 216 438 980
add_line 31 31 68 68 68 216 636 980
add_line 31 31 68 68 68 216 980
add_line 31 31 68 68 68 365 980
add_line 31 31 68 68 68 980
add_line 31 31 68 68 980
add_line 31 31 68 980
add_line 31 93 248 248 248 248 248 415 980
add_line 31 93 248 248 248 248 248 980
add_line 31 93 248 248 248 248 415 980
add_line 31 93 248 248 248 248 980
add_line 31 93 248 248 248 415 415 415 980
add_line 31 93 248 248 248 415 415 638 980
add_line 31 93 248 248 248 415 415 980
add_line 31 93 248 248 248 415 980
add_line 31 93 248 248 248 622 622 622 980
add_line 31 93 248 248 248 622 622 980
add_line 31 93 248 248 248 622 980
add_line 31 93 248 248 248 980
add_line 31 93 248 248 415 415 415 980
add_line 31 93 248 248 415 415 980
add_line 31 93 248 248 415 980
add_line 31 93 248 248 622 622 622 980
add_line 31 93 248 248 622 622 980
add_line 31 93 248 248 622 980
add_line 31 93 248 248 980
add_line 31 93 248 558 558 558 558 558 980
add_line 31 93 248 558 558 558 558 980
add_line 31 93 248 558 558 558 980
add_line 31 93 248 558 558 980
add_line 31 93 248 558 980
add_line 31 93 93 167 167 167 286 571 980
add_line 31 93 93 167 167 167 286 980
add_line 31 93 93 167 167 167 464 980
add_line 31 93 93 167 167 167 980
add_line 31 93 93 167 167 286 571 980
add_line 31 93 93 167 167 286 980
add_line 31 93 93 167 167 464 980
add_line 31 93 93 167 167 980
add_line 31 93 93 167 286 286 286 476 980
add_line 31 93 93 167 286 286 286 980
add_line 31 93 93 167 286 286 444 980
add_line 31 93 93 167 286 286 980
add_line 31 93 93 167 286 476 476 476 980
add_line 31 93 93 167 286 476 476 980
add_line 31 93 93 167 286 476 980
add_line 31 93 93 167 286 980
add_line 31 93 93 167 424 424 424 980
add_line 31 93 93 167 424 424 652 980
add_line 31 93 93 167 424 424 980
add_line 31 93 93 167 424 980
add_line 31 93 93 167 980
add_line 31 93 93 291 291 291 484 980
add_line 31 93 93 291 291 291 980
add_line 31 93 93 291 291 484 980
add_line 31 93 93 291 291 980
add_line 31 93 93 291 489 489 489 980
add_line 31 93 93 291 489 489 980
add_line 31 93 93 291 489 980
add_line 31 93 93 291 980
add_line 31 93 93 93 167 167 167 286 571 980
add_line 31 93 93 93 167 167 167 286 980
add_line 31 93 93 93 167 167 167 464 980
add_line 31 93 93 93 167 167 167 980
add_line 31 93 93 93 167 167 266 533 980
add_line 31 93 93 93 167 167 266 980
add_line 31 93 93 93 167 167 980
add_line 31 93 93 93 167 286 286 286 476 980
add_line 31 93 93 93 167 286 286 286 980
add_line 31 93 93 93 167 286 286 476 980
add_line 31 93 93 93 167 286 286 980
add_line 31 93 93 93 167 286 476 476 476 980
add_line 31 93 93 93 167 286 476 476 980
add_line 31 93 93 93 167 286 476 980
add_line 31 93 93 93 167 286 980
add_line 31 93 93 93 167 424 424 424 980
add_line 31 93 93 93 167 424 424 980
add_line 31 93 93 93 167 424 980
add_line 31 93 93 93 167 980
add_line 31 93 93 93 259 259 259 433 980
add_line 31 93 93 93 259 259 259 980
add_line 31 93 93 93 259 259 404 980
add_line 31 93 93 93 259 259 980
add_line 31 93 93 93 259 433 433 433 980
add_line 31 93 93 93 259 433 433 980
add_line 31 93 93 93 259 433 980
add_line 31 93 93 93 259 636 636 636 980
add_line 31 93 93 93 259 636 636 980
add_line 31 93 93 93 259 636 980
add_line 31 93 93 93 259 980
add_line 31 93 93 93 341 341 341 564 980
add_line 31 93 93 93 341 341 341 980
add_line 31 93 93 93 341 341 527 980
add_line 31 93 93 93 341 341 980
add_line 31 93 93 93 341 589 589 589 980
add_line 31 93 93 93 341 589 589 980
add_line 31 93 93 93 341 589 980
add_line 31 93 93 93 341 980
add_line 31 93 93 93 465 465 465 980
add_line 31 93 93 93 465 465 980
add_line 31 93 93 93 465 980
add_line 31 93 93 93 93 167 345 980
add_line 31 93 93 93 93 167 504 980
add_line 31 93 93 93 93 167 980
add_line 31 93 93 93 93 279 558 980
add_line 31 93 93 93 93 279 980
add_line 31 93 93 93 93 465 980
add_line 31 93 93 93 93 93 167 345 980
add_line 31 93 93 93 93 93 167 504 980
add_line 31 93 93 93 93 93 167 980
add_line 31 93 93 93 93 93 279 558 980
add_line 31 93 93 93 93 93 279 980
add_line 31 93 93 93 93 93 465 980
add_line 31 93 93 93 93 93 980
add_line 31 93 93 93 93 980
add_line 31 93 93 93 980
add_line 31 93 93 980
build_tree 
skip_if_done "Saves\2022-06-13_23-24-53_template0/8s6h5d.cfr" next
go 600 seconds
wait_for_solver 
dump_tree "Saves\2022-06-13_23-24-53_template0/8s6h5d.cfr" no_rivers
LABEL: next
echo  "1 out of 1 done"
solver_time 
echo "Script has completed. You can close this window. Result files are in Saves\2022-06-13_23-24-53_template0 directory"