set_algorithm original_pio
set_threads 24
set_accuracy 0.310000
set_range OOP 1 1 1 1 1 1 1 0 0 0 0 1 0 0 1 0 0 1 0 1 1 0 0 0 1 1 1 1 0 0 0 0 1 1 1 1 0 0 0 0 1 1 1 1 1 0 0 0 0 1 1 1 1 1 1 0 0 0 0 1 1 1 1 1 1 1 1 0 0 0 1 0 0 0 0 0 0 0 0 1 0 0 0 1 0 0 0 0 0 0 0 0 0 1 0 0 0 1 0 0 0 0 0 0 0 0 0 0 1 0 0 0 1 0 0 0 0 0 0 0 1 0 0 0 1 0 0 0 1 0 0 0 0 0 0 0 0 1 0 0 0 1 0 0 0 1 0 0 0 0 0 0 0 0 0 1 0 0 0 1 0 0 0 1 0 0 0 0 0 0 0 0 0 0 1 0 0 0 1 0 0 0 1 0 0 0 0 0 0 0 1 0 0 0 1 0 0 0 1 0 0 0 0 0 0 0 0 0 0 0 0 1 0 0 0 1 0 0 0 1 0 0 0 0 0 0 0 0 0 0 0 0 0 1 0 0 0 1 0 0 0 1 0 0 0 0 0 0 0 0 0 0 0 0 0 0 1 0 0 0 1 0 0 0 1 0 0 0 0 0 0 0 0 0 0 0 0 0 0 0 1 0 0 0 1 0 0 0 0 0 0 0 0 0 0 0 0 0 0 0 0 0 0 0 0 1 0 0 0 1 0 0 0 0 0 0 0 0 0 0 0 0 0 0 0 0 0 0 0 0 0 1 0 0 0 1 0 0 0 0 0 0 0 0 0 0 0 0 0 0 0 0 0 0 0 0 0 0 1 0 0 0 1 0 0 0 0 0 0 0 0 0 0 0 0 0 0 0 0 0 0 0 0 0 0 0 0 0 0 0 0 0 0 0 0 0 0 0 0 0 0 0 0 0 0 0 0 0 0 0 0 0 0 0 0 0 0 0 0 0 0 0 0 0 0 0 0 0 0 0 0 0 0 0 0 0 0 0 0 0 0 0 0 0 0 0 0 0 0 0 0 0 0 0 0 0 0 0 0 0 0 0 0 0 0 0 0 0 0 0 0 0 0 0 0 0 0 0 0 0 0 0 0 0 0 0 0 0 0 0 0 0 0 0 0 0 0 0 0 0 0 0 0 0 0 0 0 0 0 0 0 0 0 0 0 0 0 0 0 0 0 0 0 0 0 0 0 0 0 0 0 0 0 0 0 0 0 0 0 0 0 0 0 0 0 0 0 0 0 0 0 0 0 0 0 0 0 0 0 0 0 0 0 0 0 0 0 0 0 0 0 0 0 0 0 0 0 0 0 0 0 0 0 0 0 0 0 0 0 0 0 0 0 0 0 0 0 0 0 0 0 0 0 0 0 0 0 0 0 0 0 0 0 0 0 0 0 0 0 0 0 0 0 0 0 0 0 0 0 0 0 0 0 0 0 0 0 0 0 0 0 0 0 0 0 0 0 0 0 0 0 0 0 0 0 0 0 0 0 0 0 0 0 0 0 0 0 0 0 0 0 0 0 0 0 0 0 0 0 0 0 0 0 0 0 0 0 0 0 0 0 0 0 0 0 0 0 0 0 0 0 0 0 0 0 0 0 0 0 0 0 0 0 0 0 0 0 0 0 0 0 0 0 0 0 0 0 0 0 0 0 0 0 0 0 0 0 0 0 0 0 0 0 0 0 0 0 0 0 0 0 0 0 0 0 0 0 0 0 0 0 0 0 0 0 0 0 0 0 0 0 0 0 0 0 0 0 0 0 0 0 0 0 0 0 0 0 0 0 0 0 0 0 0 0 0 0 0 0 0 0 0 0 0 0 0 0 0 0 0 0 0 0 0 0 0 0 0 0 0 0 0 0 0 0 0 0 0 0 0 0 0 0 0 0 0 0 0 0 0 0 0 0 0 0 0 0 0 0 0 0 0 0 0 0 0 0 0 0 0 0 0 0 0 0 0 0 0 0 0 0 0 0 0 0 0 0 0 0 0 0 0 0 0 0 0 0 0 0 0 0 0 0 0 0 0 0 0 0 0 0 0 0 0 0 0 0 0 0 0 0 0 0 0 0 0 0 0 0 0 0 0 0 0 0 0 0 0 0 0 0 0 0 0 0 0 0 0 0 0 0 0 0 0 0 0 0 0 0 0 0 0 0 0 0 0 0 0 0 0 0 0 0 0 0 0 0 0 0 0 0 0 0 0 0 0 0 0 0 0 0 0 0 0 0 0 0 0 0 0 0 0 0 0 0 0 0 0 0 0 0 0 0 0 0 0 0 0 0 0 0 0 0 0 0 0 0 0 0 0 0 0 0 0 0 0 0 0 0 0 0 0 0 0 0 0 0 0 0 0 0 0 0 0 0 0 0 0 0 0 0 0 0 0 0 0 0 0 0 0 0 0 0 0 0 0 0 0 0 0 0 0 0 0 0 0 0 0 0 0 0 0 0 0 0 0 0 0 0 0 0 0 0 0 0 0 0 0 0 0 0 0 0 0 0 0 0 0 0 0 0 0 0 0 0 0 0 0 0 0 0 0 0 0 0 0 0 0 0 0 0 0 0 0 0 0 0 0 0 0 0 0 0 0 0 0 0 0 0 0 0 0 0 0 0 0 0 0 0 0 0 0 0 0 0 0 0 0 0 0 0 0 0 0 0 0 0 0 0 0 0 0 0 0 0 0 0 0 0 0 0 0 0 0 0 0 0 0 0 0 0 0 0 0 0 0 0 0 0 0 0 0 0 0 0 0 0 0 0 0 0 0 0 0 0 0 0 0 0 0 0 0 0 0 0 0 0 0 0 0 0 0 0 0 0 0 0 0 0 0 0 0 0 0 0 0 0 0 0 0 0 0 0 0 0 0 0 0 0 0 0 0 0 0 0 0 0 0 0 0 0 0 0 0 0 0 0 0 0 0 0 0 0 0 0 0 0 0 0 0 0 0 0 0 0 0 0 0 0 0 0 0 0 0 0 0 0 0 0 0 0 0 0 0 0 0
set_range IP 0 0 0 0 0 0 0 0 0 0 0 0 0 0 0 0 0 0 0 0 0 0 0 0 0 0 0 0 0 0 0 0 0 0 0 0 0 0 0 0 0 0 0 0 0 0 0 0 0 0 0 0 0 0 0 0 0 0 0 0 0 0 0 0 0 0 0 0 0 0 0 0 0 0 0 0 0 0 0 0 0 0 0 0 0 0 0 0 0 0 0 0 0 0 0 0 0 0 0 0 0 0 0 0 0 0 0 0 0 0 0 0 0 0 0 0 0 0 0 0 0 0 0 0 0 0 0 0 0 0 0 0 0 0 0 0 0 0 0 0 0 0 0 0 0 0 0 0 0 0 0 0 0 0 0 0 0 0 0 0 0 0 0 0 0 0 0 0 0 0 0 0 0 0 0 0 0 0 0 0 0 0 0 0 0 0 0 0 0 0 0 0 0 0 0 0 0 0 0 0 0 0 0 0 0 0 0 0 0 0 0 0 0 0 0 0 0 0 0 0 0 0 0 0 0 0 0 0 0 0 0 0 0 0 0 0 0 0 0 0 0 0 0 0 0 0 0 0 0 0 0 0 0 0 0 0 0 0 0 0 0 0 0 0 0 0 0 0 0 0 0 0 0 0 0 0 0 0 0 0 0 0 0 0 0 0 0 0 0 0 0 0 0 0 0 0 0 0 0 0 0 0 0 0 0 0 0 0 0 0 0 0 0 0 0 0 0 0 0 0 0 0 0 0 0 0 0 0 0 0 0 0 0 0 0 0 0 0 0 0 0 0 0 0 0 0 0 0 0 0 0 0 0 0 0 0 0 0 0 0 0 0 0 0 0 0 0 0 0 0 0 0 0 0 0 0 0 0 0 0 0 0 0 0 0 0 0 0 0 0 0 0 0 0 0 0 0 0 0 0 0 0 0 0 0 0 0 0 0 0 0 0 0 0 0 0 0 0 0 0 0 0 0 0 0 0 0 0 0 0 0 0 0 0 0 0 0 0 0 0 0 0 0 0 0 0 0 0 0 0 0 0 0 0 0 0 0 0 0 0 0 0 0 0 0 0 0 0 0 0 0 0 0 0 0 0 0 0 0 0 0 0 0 0 0 0 0 0 0 0 0 0 0 0 0 0 0 0 0 0 0 0 0 0 0 0 0 0 0 0 0 0 0 0 0 0 0 0 0 0 0 0 0 0 0 0 0 0 0 0 0 0 0 0 0 0 0 0 0 0 0 0 0 0 0 0 0 0 0 0 0 0 0 0 0 0 0 0 0 0 0 0 0 0 0 0 0 0 0 0 0 0 0 0 0 0 0 0 0 0 0 0 0 0 0 0 0 0 0 0 0 0 0 0 0 0 0 0 0 0 0 0 0 0 0 0 0 0 0 0 0 0 0 0 0 0 0 0 0 0 0 0 0 0 0 0 0 0 0 0 0 0 0 0 0 0 0 0 0 0 0 0 0 0 0 0 0 0 0 0 0 0 0 0 0 0 0 0 0 0 0 0 0 0 0 0 0 0 0 0 0 0 0 0 0 0 0 0 0 0 0 0 0 0 0 0 0 0 0 0 0 0 0 0 0 0 0 0 0 0 0 0 0 0 0 0 0 0 0 0 0 0 0 0 0 0 0 0 0 0 0 0 0 0 0 0 0 0 0 0 0 0 0 0 0 0 0 0 0 0 0 0 0 0 0 0 0 0 0 0 0 0 0 0 0 0 0 0 0 0 0 0 0 0 0 0 0 0 0 0 0 0 0 0 0 0 0 0 0 0 0 0 0 0 0 0 0 0 0 0 0 0 0 0 0 0 0 0 0 0 0 0 0 0 0 0 0 0 0 0 0 0 0 0 0 0 0 0 0 0 0 0 0 0 0 0 0 0 0 0 0 0 0 0 0 0 0 0 0 0 0 0 0 0 0 0 0 0 0 0 0 0 0 0 0 0 0 0 0 0 1 0 0 0 0 0 0 0 0 0 0 0 0 0 0 0 0 0 0 0 0 0 0 0 0 0 0 0 0 0 0 0 0 0 0 0 0 0 0 0 0 1 1 0 0 0 0 0 0 0 0 0 0 0 0 0 0 0 0 0 0 0 0 0 0 0 0 0 0 0 0 0 0 0 0 0 0 0 0 0 0 0 0 1 1 1 0 0 0 0 0 0 0 0 0 0 0 0 0 0 0 0 0 0 0 0 0 0 0 0 0 0 0 0 0 0 0 0 0 0 0 0 1 0 0 0 1 1 1 1 0 0 0 0 0 0 0 0 0 0 0 0 0 0 0 0 0 0 0 0 0 0 0 0 0 0 0 0 0 0 0 0 0 0 0 0 0 1 0 0 1 1 1 1 1 0 0 0 0 0 0 0 0 0 0 0 0 0 0 0 0 0 0 0 0 0 0 0 0 0 0 0 0 0 0 0 0 0 0 0 0 0 0 1 0 1 1 1 1 1 1 0 0 0 0 0 0 0 0 0 0 0 0 0 0 0 0 0 0 0 0 0 0 0 0 0 0 0 0 0 0 0 0 0 0 0 0 0 0 0 1 1 1 1 1 1 1 1 0 0 0 0 0 0 0 0 0 0 0 0 0 0 0 0 0 0 0 0 0 0 0 0 0 0 0 0 0 0 0 0 0 0 0 0 1 0 0 0 1 1 1 1 1 1 1 1 0 0 0 0 0 0 0 0 0 0 0 0 0 0 0 0 0 0 0 0 0 0 0 0 0 0 0 0 0 0 0 0 0 0 0 0 0 1 0 0 1 1 1 1 1 1 1 1 1 0 0 0 0 0 0 0 0 0 0 0 0 0 0 0 0 0 0 0 0 0 0 0 0 0 0 0 0 0 0 0 0 0 0 0 0 0 0 1 0 1 1 1 1 1 1 1 1 1 1 0 0 0 0 0 0 0 0 0 0 0 0 0 0 0 0 0 0 0 0 0 0 0 0 0 0 0 0 0 0 0 0 0 0 0 0 0 0 0 1 1 1 1 1 1 1 1 1 1 1 1
set_board KsTh9d
set_eff_stack 980
set_isomorphism 1 0
set_pot 0 0 62
clear_lines 
add_line 0 0 0 0 0 19 104 226 457 980
add_line 0 0 0 0 0 19 104 226 980
add_line 0 0 0 0 0 19 104 334 980
add_line 0 0 0 0 0 19 104 980
add_line 0 0 0 0 0 19 64 150 313 623 980
add_line 0 0 0 0 0 19 64 150 313 980
add_line 0 0 0 0 0 19 64 150 458 980
add_line 0 0 0 0 0 19 64 150 980
add_line 0 0 0 0 0 19 64 226 457 980
add_line 0 0 0 0 0 19 64 226 980
add_line 0 0 0 0 0 19 64 980
add_line 0 0 0 0 0 46 115 246 495 980
add_line 0 0 0 0 0 46 115 246 980
add_line 0 0 0 0 0 46 115 363 980
add_line 0 0 0 0 0 46 115 980
add_line 0 0 0 0 0 46 177 364 980
add_line 0 0 0 0 0 46 177 531 980
add_line 0 0 0 0 0 46 177 980
add_line 0 0 0 0 0 93 205 417 980
add_line 0 0 0 0 0 93 205 606 980
add_line 0 0 0 0 0 93 205 980
add_line 0 0 0 0 0 93 304 606 980
add_line 0 0 0 0 0 93 304 980
add_line 0 0 0 0 0 93 980
add_line 0 0 0 0 19 104 226 457 980
add_line 0 0 0 0 19 104 226 980
add_line 0 0 0 0 19 104 334 980
add_line 0 0 0 0 19 104 980
add_line 0 0 0 0 19 64 150 313 623 980
add_line 0 0 0 0 19 64 150 313 980
add_line 0 0 0 0 19 64 150 458 980
add_line 0 0 0 0 19 64 150 980
add_line 0 0 0 0 19 64 226 457 980
add_line 0 0 0 0 19 64 226 980
add_line 0 0 0 0 19 64 980
add_line 0 0 0 0 46 115 246 495 980
add_line 0 0 0 0 46 115 246 980
add_line 0 0 0 0 46 115 363 980
add_line 0 0 0 0 46 115 980
add_line 0 0 0 0 46 177 364 980
add_line 0 0 0 0 46 177 531 980
add_line 0 0 0 0 46 177 980
add_line 0 0 0 0 93 205 417 980
add_line 0 0 0 0 93 205 606 980
add_line 0 0 0 0 93 205 980
add_line 0 0 0 0 93 304 606 980
add_line 0 0 0 0 93 304 980
add_line 0 0 0 0 93 980
add_line 0 0 0 19 19 144 302 602 980
add_line 0 0 0 19 19 144 302 980
add_line 0 0 0 19 19 144 442 980
add_line 0 0 0 19 19 144 980
add_line 0 0 0 19 19 19 169 349 980
add_line 0 0 0 19 19 19 169 509 980
add_line 0 0 0 19 19 19 169 980
add_line 0 0 0 19 19 19 49 121 258 518 980
add_line 0 0 0 19 19 19 49 121 258 980
add_line 0 0 0 19 19 19 49 121 379 980
add_line 0 0 0 19 19 19 49 121 980
add_line 0 0 0 19 19 19 49 185 379 980
add_line 0 0 0 19 19 19 49 185 552 980
add_line 0 0 0 19 19 19 49 185 980
add_line 0 0 0 19 19 19 94 206 419 980
add_line 0 0 0 19 19 19 94 206 609 980
add_line 0 0 0 19 19 19 94 206 980
add_line 0 0 0 19 19 19 94 306 609 980
add_line 0 0 0 19 19 19 94 306 980
add_line 0 0 0 19 19 19 94 980
add_line 0 0 0 19 19 44 112 241 486 980
add_line 0 0 0 19 19 44 112 241 980
add_line 0 0 0 19 19 44 112 355 980
add_line 0 0 0 19 19 44 112 980
add_line 0 0 0 19 19 44 172 355 980
add_line 0 0 0 19 19 44 172 517 980
add_line 0 0 0 19 19 44 172 980
add_line 0 0 0 19 49 153 153 153 263 528 980
add_line 0 0 0 19 49 153 153 153 263 980
add_line 0 0 0 19 49 153 153 153 429 980
add_line 0 0 0 19 49 153 153 153 980
add_line 0 0 0 19 49 153 153 245 493 980
add_line 0 0 0 19 49 153 153 245 980
add_line 0 0 0 19 49 153 153 613 980
add_line 0 0 0 19 49 153 153 980
add_line 0 0 0 19 49 153 263 263 263 439 980
add_line 0 0 0 19 49 153 263 263 263 980
add_line 0 0 0 19 49 153 263 263 439 980
add_line 0 0 0 19 49 153 263 263 980
add_line 0 0 0 19 49 153 263 439 439 439 980
add_line 0 0 0 19 49 153 263 439 439 980
add_line 0 0 0 19 49 153 263 439 980
add_line 0 0 0 19 49 153 263 645 645 645 980
add_line 0 0 0 19 49 153 263 645 645 980
add_line 0 0 0 19 49 153 263 645 980
add_line 0 0 0 19 49 153 263 980
add_line 0 0 0 19 49 153 392 392 392 646 980
add_line 0 0 0 19 49 153 392 392 392 980
add_line 0 0 0 19 49 153 392 392 646 980
add_line 0 0 0 19 49 153 392 392 980
add_line 0 0 0 19 49 153 392 646 646 646 980
add_line 0 0 0 19 49 153 392 646 646 980
add_line 0 0 0 19 49 153 392 646 980
add_line 0 0 0 19 49 153 392 980
add_line 0 0 0 19 49 153 980
add_line 0 0 0 19 49 49 169 349 980
add_line 0 0 0 19 49 49 169 509 980
add_line 0 0 0 19 49 49 169 980
add_line 0 0 0 19 49 49 289 577 980
add_line 0 0 0 19 49 49 289 980
add_line 0 0 0 19 49 49 49 169 349 980
add_line 0 0 0 19 49 49 49 169 509 980
add_line 0 0 0 19 49 49 49 169 980
add_line 0 0 0 19 49 49 49 289 577 980
add_line 0 0 0 19 49 49 49 289 980
add_line 0 0 0 19 49 49 49 97 212 431 980
add_line 0 0 0 19 49 49 49 97 212 625 980
add_line 0 0 0 19 49 49 49 97 212 980
add_line 0 0 0 19 49 49 49 97 315 626 980
add_line 0 0 0 19 49 49 49 97 315 980
add_line 0 0 0 19 49 49 49 97 980
add_line 0 0 0 19 49 49 97 212 431 980
add_line 0 0 0 19 49 49 97 212 625 980
add_line 0 0 0 19 49 49 97 212 980
add_line 0 0 0 19 49 49 97 315 626 980
add_line 0 0 0 19 49 49 97 315 980
add_line 0 0 0 19 49 49 97 980
add_line 0 0 0 19 49 97 174 174 174 297 592 980
add_line 0 0 0 19 49 97 174 174 174 297 980
add_line 0 0 0 19 49 97 174 174 174 482 980
add_line 0 0 0 19 49 97 174 174 174 980
add_line 0 0 0 19 49 97 174 174 297 592 980
add_line 0 0 0 19 49 97 174 174 297 980
add_line 0 0 0 19 49 97 174 174 482 980
add_line 0 0 0 19 49 97 174 174 980
add_line 0 0 0 19 49 97 174 297 297 297 494 980
add_line 0 0 0 19 49 97 174 297 297 297 980
add_line 0 0 0 19 49 97 174 297 297 461 980
add_line 0 0 0 19 49 97 174 297 297 980
add_line 0 0 0 19 49 97 174 297 494 494 494 980
add_line 0 0 0 19 49 97 174 297 494 494 980
add_line 0 0 0 19 49 97 174 297 494 980
add_line 0 0 0 19 49 97 174 297 980
add_line 0 0 0 19 49 97 174 440 440 440 980
add_line 0 0 0 19 49 97 174 440 440 980
add_line 0 0 0 19 49 97 174 440 980
add_line 0 0 0 19 49 97 174 980
add_line 0 0 0 19 49 97 263 263 263 439 980
add_line 0 0 0 19 49 97 263 263 263 980
add_line 0 0 0 19 49 97 263 263 439 980
add_line 0 0 0 19 49 97 263 263 980
add_line 0 0 0 19 49 97 263 439 439 439 980
add_line 0 0 0 19 49 97 263 439 439 980
add_line 0 0 0 19 49 97 263 439 980
add_line 0 0 0 19 49 97 263 645 645 645 980
add_line 0 0 0 19 49 97 263 645 645 980
add_line 0 0 0 19 49 97 263 645 980
add_line 0 0 0 19 49 97 263 980
add_line 0 0 0 19 49 97 97 161 334 980
add_line 0 0 0 19 49 97 97 161 487 980
add_line 0 0 0 19 49 97 97 161 980
add_line 0 0 0 19 49 97 97 417 980
add_line 0 0 0 19 49 97 97 97 174 358 980
add_line 0 0 0 19 49 97 97 97 174 522 980
add_line 0 0 0 19 49 97 97 97 174 980
add_line 0 0 0 19 49 97 97 97 289 577 980
add_line 0 0 0 19 49 97 97 97 289 980
add_line 0 0 0 19 49 97 97 97 481 980
add_line 0 0 0 19 49 97 97 97 980
add_line 0 0 0 19 49 97 97 980
add_line 0 0 0 19 49 97 980
add_line 0 0 0 19 84 153 153 153 263 528 980
add_line 0 0 0 19 84 153 153 153 263 980
add_line 0 0 0 19 84 153 153 153 429 980
add_line 0 0 0 19 84 153 153 153 980
add_line 0 0 0 19 84 153 153 245 493 980
add_line 0 0 0 19 84 153 153 245 980
add_line 0 0 0 19 84 153 153 613 980
add_line 0 0 0 19 84 153 153 980
add_line 0 0 0 19 84 153 263 263 263 439 980
add_line 0 0 0 19 84 153 263 263 263 980
add_line 0 0 0 19 84 153 263 263 439 980
add_line 0 0 0 19 84 153 263 263 980
add_line 0 0 0 19 84 153 263 439 439 439 980
add_line 0 0 0 19 84 153 263 439 439 980
add_line 0 0 0 19 84 153 263 439 980
add_line 0 0 0 19 84 153 263 645 645 645 980
add_line 0 0 0 19 84 153 263 645 645 980
add_line 0 0 0 19 84 153 263 645 980
add_line 0 0 0 19 84 153 263 980
add_line 0 0 0 19 84 153 392 392 392 646 980
add_line 0 0 0 19 84 153 392 392 392 980
add_line 0 0 0 19 84 153 392 392 646 980
add_line 0 0 0 19 84 153 392 392 980
add_line 0 0 0 19 84 153 392 646 646 646 980
add_line 0 0 0 19 84 153 392 646 646 980
add_line 0 0 0 19 84 153 392 646 980
add_line 0 0 0 19 84 153 392 980
add_line 0 0 0 19 84 153 980
add_line 0 0 0 19 84 234 234 234 393 980
add_line 0 0 0 19 84 234 234 234 632 980
add_line 0 0 0 19 84 234 234 234 980
add_line 0 0 0 19 84 234 234 366 980
add_line 0 0 0 19 84 234 234 980
add_line 0 0 0 19 84 234 393 393 393 647 980
add_line 0 0 0 19 84 234 393 393 393 980
add_line 0 0 0 19 84 234 393 393 647 980
add_line 0 0 0 19 84 234 393 393 980
add_line 0 0 0 19 84 234 393 647 647 647 980
add_line 0 0 0 19 84 234 393 647 647 980
add_line 0 0 0 19 84 234 393 647 980
add_line 0 0 0 19 84 234 393 980
add_line 0 0 0 19 84 234 578 578 578 980
add_line 0 0 0 19 84 234 578 578 980
add_line 0 0 0 19 84 234 578 980
add_line 0 0 0 19 84 234 980
add_line 0 0 0 19 84 84 153 319 634 980
add_line 0 0 0 19 84 84 153 319 980
add_line 0 0 0 19 84 84 153 466 980
add_line 0 0 0 19 84 84 153 980
add_line 0 0 0 19 84 84 256 514 980
add_line 0 0 0 19 84 84 256 980
add_line 0 0 0 19 84 84 429 980
add_line 0 0 0 19 84 84 84 153 319 634 980
add_line 0 0 0 19 84 84 84 153 319 980
add_line 0 0 0 19 84 84 84 153 466 980
add_line 0 0 0 19 84 84 84 153 980
add_line 0 0 0 19 84 84 84 256 514 980
add_line 0 0 0 19 84 84 84 256 980
add_line 0 0 0 19 84 84 84 429 980
add_line 0 0 0 19 84 84 84 980
add_line 0 0 0 19 84 84 980
add_line 0 0 0 19 84 980
add_line 0 0 0 42 137 137 137 238 480 980
add_line 0 0 0 42 137 137 137 238 980
add_line 0 0 0 42 137 137 137 389 980
add_line 0 0 0 42 137 137 137 641 980
add_line 0 0 0 42 137 137 137 980
add_line 0 0 0 42 137 137 238 480 980
add_line 0 0 0 42 137 137 238 980
add_line 0 0 0 42 137 137 389 980
add_line 0 0 0 42 137 137 641 980
add_line 0 0 0 42 137 137 980
add_line 0 0 0 42 137 238 238 238 399 980
add_line 0 0 0 42 137 238 238 238 642 980
add_line 0 0 0 42 137 238 238 238 980
add_line 0 0 0 42 137 238 238 372 980
add_line 0 0 0 42 137 238 238 980
add_line 0 0 0 42 137 238 399 399 399 980
add_line 0 0 0 42 137 238 399 399 980
add_line 0 0 0 42 137 238 399 980
add_line 0 0 0 42 137 238 588 588 588 980
add_line 0 0 0 42 137 238 588 588 980
add_line 0 0 0 42 137 238 588 980
add_line 0 0 0 42 137 238 980
add_line 0 0 0 42 137 355 355 355 587 980
add_line 0 0 0 42 137 355 355 355 980
add_line 0 0 0 42 137 355 355 548 980
add_line 0 0 0 42 137 355 355 980
add_line 0 0 0 42 137 355 587 587 587 980
add_line 0 0 0 42 137 355 587 587 980
add_line 0 0 0 42 137 355 587 980
add_line 0 0 0 42 137 355 980
add_line 0 0 0 42 137 980
add_line 0 0 0 42 42 224 454 980
add_line 0 0 0 42 42 224 980
add_line 0 0 0 42 42 42 152 317 630 980
add_line 0 0 0 42 42 42 152 317 980
add_line 0 0 0 42 42 42 152 463 980
add_line 0 0 0 42 42 42 152 980
add_line 0 0 0 42 42 42 261 524 980
add_line 0 0 0 42 42 42 261 980
add_line 0 0 0 42 42 42 86 191 391 980
add_line 0 0 0 42 42 42 86 191 568 980
add_line 0 0 0 42 42 42 86 191 980
add_line 0 0 0 42 42 42 86 285 569 980
add_line 0 0 0 42 42 42 86 285 980
add_line 0 0 0 42 42 42 86 980
add_line 0 0 0 42 42 78 176 362 980
add_line 0 0 0 42 42 78 176 528 980
add_line 0 0 0 42 42 78 176 980
add_line 0 0 0 42 42 78 263 528 980
add_line 0 0 0 42 42 78 263 980
add_line 0 0 0 42 42 78 980
add_line 0 0 0 42 86 156 156 156 268 537 980
add_line 0 0 0 42 86 156 156 156 268 980
add_line 0 0 0 42 86 156 156 156 436 980
add_line 0 0 0 42 86 156 156 156 980
add_line 0 0 0 42 86 156 156 250 503 980
add_line 0 0 0 42 86 156 156 250 980
add_line 0 0 0 42 86 156 156 624 980
add_line 0 0 0 42 86 156 156 980
add_line 0 0 0 42 86 156 268 268 268 447 980
add_line 0 0 0 42 86 156 268 268 268 980
add_line 0 0 0 42 86 156 268 268 447 980
add_line 0 0 0 42 86 156 268 268 980
add_line 0 0 0 42 86 156 268 447 447 447 980
add_line 0 0 0 42 86 156 268 447 447 980
add_line 0 0 0 42 86 156 268 447 980
add_line 0 0 0 42 86 156 268 980
add_line 0 0 0 42 86 156 399 399 399 980
add_line 0 0 0 42 86 156 399 399 980
add_line 0 0 0 42 86 156 399 980
add_line 0 0 0 42 86 156 980
add_line 0 0 0 42 86 238 238 238 399 980
add_line 0 0 0 42 86 238 238 238 642 980
add_line 0 0 0 42 86 238 238 238 980
add_line 0 0 0 42 86 238 238 372 980
add_line 0 0 0 42 86 238 238 980
add_line 0 0 0 42 86 238 399 399 399 980
add_line 0 0 0 42 86 238 399 399 980
add_line 0 0 0 42 86 238 399 980
add_line 0 0 0 42 86 238 588 588 588 980
add_line 0 0 0 42 86 238 588 588 980
add_line 0 0 0 42 86 238 588 980
add_line 0 0 0 42 86 238 980
add_line 0 0 0 42 86 86 156 324 644 980
add_line 0 0 0 42 86 86 156 324 980
add_line 0 0 0 42 86 86 156 474 980
add_line 0 0 0 42 86 86 156 980
add_line 0 0 0 42 86 86 262 526 980
add_line 0 0 0 42 86 86 262 980
add_line 0 0 0 42 86 86 437 980
add_line 0 0 0 42 86 86 86 156 324 644 980
add_line 0 0 0 42 86 86 86 156 324 980
add_line 0 0 0 42 86 86 86 156 474 980
add_line 0 0 0 42 86 86 86 156 980
add_line 0 0 0 42 86 86 86 262 526 980
add_line 0 0 0 42 86 86 86 262 980
add_line 0 0 0 42 86 86 86 437 980
add_line 0 0 0 42 86 86 86 980
add_line 0 0 0 42 86 86 980
add_line 0 0 0 42 86 980
add_line 0 0 0 62 124 124 124 217 440 980
add_line 0 0 0 62 124 124 124 217 639 980
add_line 0 0 0 62 124 124 124 217 980
add_line 0 0 0 62 124 124 124 356 980
add_line 0 0 0 62 124 124 124 589 980
add_line 0 0 0 62 124 124 124 980
add_line 0 0 0 62 124 124 217 440 980
add_line 0 0 0 62 124 124 217 639 980
add_line 0 0 0 62 124 124 217 980
add_line 0 0 0 62 124 124 356 980
add_line 0 0 0 62 124 124 589 980
add_line 0 0 0 62 124 124 980
add_line 0 0 0 62 124 217 217 217 366 980
add_line 0 0 0 62 124 217 217 217 589 980
add_line 0 0 0 62 124 217 217 217 980
add_line 0 0 0 62 124 217 217 341 980
add_line 0 0 0 62 124 217 217 980
add_line 0 0 0 62 124 217 366 366 366 604 980
add_line 0 0 0 62 124 217 366 366 366 980
add_line 0 0 0 62 124 217 366 366 604 980
add_line 0 0 0 62 124 217 366 366 980
add_line 0 0 0 62 124 217 366 604 604 604 980
add_line 0 0 0 62 124 217 366 604 604 980
add_line 0 0 0 62 124 217 366 604 980
add_line 0 0 0 62 124 217 366 980
add_line 0 0 0 62 124 217 539 539 539 980
add_line 0 0 0 62 124 217 539 539 980
add_line 0 0 0 62 124 217 539 980
add_line 0 0 0 62 124 217 980
add_line 0 0 0 62 124 326 326 326 540 980
add_line 0 0 0 62 124 326 326 326 980
add_line 0 0 0 62 124 326 326 504 980
add_line 0 0 0 62 124 326 326 980
add_line 0 0 0 62 124 326 540 540 540 980
add_line 0 0 0 62 124 326 540 540 980
add_line 0 0 0 62 124 326 540 980
add_line 0 0 0 62 124 326 980
add_line 0 0 0 62 124 980
add_line 0 0 0 62 183 183 183 311 619 980
add_line 0 0 0 62 183 183 183 311 980
add_line 0 0 0 62 183 183 183 504 980
add_line 0 0 0 62 183 183 183 980
add_line 0 0 0 62 183 183 311 619 980
add_line 0 0 0 62 183 183 311 980
add_line 0 0 0 62 183 183 504 980
add_line 0 0 0 62 183 183 980
add_line 0 0 0 62 183 311 311 311 516 980
add_line 0 0 0 62 183 311 311 311 980
add_line 0 0 0 62 183 311 311 482 980
add_line 0 0 0 62 183 311 311 980
add_line 0 0 0 62 183 311 516 516 516 980
add_line 0 0 0 62 183 311 516 516 980
add_line 0 0 0 62 183 311 516 980
add_line 0 0 0 62 183 311 980
add_line 0 0 0 62 183 461 461 461 980
add_line 0 0 0 62 183 461 461 980
add_line 0 0 0 62 183 461 980
add_line 0 0 0 62 183 980
add_line 0 0 0 62 62 108 233 471 980
add_line 0 0 0 62 62 108 233 980
add_line 0 0 0 62 62 108 344 980
add_line 0 0 0 62 62 108 980
add_line 0 0 0 62 62 294 586 980
add_line 0 0 0 62 62 294 980
add_line 0 0 0 62 62 62 118 252 507 980
add_line 0 0 0 62 62 62 118 252 980
add_line 0 0 0 62 62 62 118 371 980
add_line 0 0 0 62 62 62 118 980
add_line 0 0 0 62 62 62 202 412 980
add_line 0 0 0 62 62 62 202 598 980
add_line 0 0 0 62 62 62 202 980
add_line 0 0 0 62 62 62 341 980
add_line 0 0 0 62 62 62 980
add_line 0 0 0 62 62 980
add_line 0 0 0 62 980
add_line 0 0 0 93 186 186 186 316 628 980
add_line 0 0 0 93 186 186 186 316 980
add_line 0 0 0 93 186 186 186 512 980
add_line 0 0 0 93 186 186 186 980
add_line 0 0 0 93 186 186 316 628 980
add_line 0 0 0 93 186 186 316 980
add_line 0 0 0 93 186 186 512 980
add_line 0 0 0 93 186 186 980
add_line 0 0 0 93 186 316 316 316 524 980
add_line 0 0 0 93 186 316 316 316 980
add_line 0 0 0 93 186 316 316 490 980
add_line 0 0 0 93 186 316 316 980
add_line 0 0 0 93 186 316 524 524 524 980
add_line 0 0 0 93 186 316 524 524 980
add_line 0 0 0 93 186 316 524 980
add_line 0 0 0 93 186 316 980
add_line 0 0 0 93 186 468 468 468 980
add_line 0 0 0 93 186 468 468 980
add_line 0 0 0 93 186 468 980
add_line 0 0 0 93 186 980
add_line 0 0 0 93 254 254 254 425 980
add_line 0 0 0 93 254 254 254 980
add_line 0 0 0 93 254 254 425 980
add_line 0 0 0 93 254 254 980
add_line 0 0 0 93 254 425 425 425 980
add_line 0 0 0 93 254 425 425 653 980
add_line 0 0 0 93 254 425 425 980
add_line 0 0 0 93 254 425 980
add_line 0 0 0 93 254 624 624 624 980
add_line 0 0 0 93 254 624 624 980
add_line 0 0 0 93 254 624 980
add_line 0 0 0 93 254 980
add_line 0 0 0 93 93 155 322 640 980
add_line 0 0 0 93 93 155 322 980
add_line 0 0 0 93 93 155 471 980
add_line 0 0 0 93 93 155 980
add_line 0 0 0 93 93 403 980
add_line 0 0 0 93 93 93 167 345 980
add_line 0 0 0 93 93 93 167 504 980
add_line 0 0 0 93 93 93 167 980
add_line 0 0 0 93 93 93 279 558 980
add_line 0 0 0 93 93 93 279 980
add_line 0 0 0 93 93 93 465 980
add_line 0 0 0 93 93 93 980
add_line 0 0 0 93 93 980
add_line 0 0 0 93 980
add_line 0 0 19 19 169 349 980
add_line 0 0 19 19 169 509 980
add_line 0 0 19 19 169 980
add_line 0 0 19 19 19 169 349 980
add_line 0 0 19 19 19 169 509 980
add_line 0 0 19 19 19 169 980
add_line 0 0 19 19 19 49 121 258 518 980
add_line 0 0 19 19 19 49 121 258 980
add_line 0 0 19 19 19 49 121 379 980
add_line 0 0 19 19 19 49 121 980
add_line 0 0 19 19 19 49 185 379 980
add_line 0 0 19 19 19 49 185 552 980
add_line 0 0 19 19 19 49 185 980
add_line 0 0 19 19 19 94 206 419 980
add_line 0 0 19 19 19 94 206 609 980
add_line 0 0 19 19 19 94 206 980
add_line 0 0 19 19 19 94 306 609 980
add_line 0 0 19 19 19 94 306 980
add_line 0 0 19 19 19 94 980
add_line 0 0 19 19 49 121 258 518 980
add_line 0 0 19 19 49 121 258 980
add_line 0 0 19 19 49 121 379 980
add_line 0 0 19 19 49 121 980
add_line 0 0 19 19 49 185 379 980
add_line 0 0 19 19 49 185 552 980
add_line 0 0 19 19 49 185 980
add_line 0 0 19 19 94 206 419 980
add_line 0 0 19 19 94 206 609 980
add_line 0 0 19 19 94 206 980
add_line 0 0 19 19 94 306 609 980
add_line 0 0 19 19 94 306 980
add_line 0 0 19 19 94 980
add_line 0 0 19 49 153 153 153 263 528 980
add_line 0 0 19 49 153 153 153 263 980
add_line 0 0 19 49 153 153 153 429 980
add_line 0 0 19 49 153 153 153 980
add_line 0 0 19 49 153 153 263 528 980
add_line 0 0 19 49 153 153 263 980
add_line 0 0 19 49 153 153 429 980
add_line 0 0 19 49 153 153 980
add_line 0 0 19 49 153 263 263 263 439 980
add_line 0 0 19 49 153 263 263 263 980
add_line 0 0 19 49 153 263 263 410 980
add_line 0 0 19 49 153 263 263 980
add_line 0 0 19 49 153 263 439 439 439 980
add_line 0 0 19 49 153 263 439 439 980
add_line 0 0 19 49 153 263 439 980
add_line 0 0 19 49 153 263 645 645 645 980
add_line 0 0 19 49 153 263 645 645 980
add_line 0 0 19 49 153 263 645 980
add_line 0 0 19 49 153 263 980
add_line 0 0 19 49 153 392 392 392 646 980
add_line 0 0 19 49 153 392 392 392 980
add_line 0 0 19 49 153 392 392 604 980
add_line 0 0 19 49 153 392 392 980
add_line 0 0 19 49 153 392 646 646 646 980
add_line 0 0 19 49 153 392 646 646 980
add_line 0 0 19 49 153 392 646 980
add_line 0 0 19 49 153 392 980
add_line 0 0 19 49 153 980
add_line 0 0 19 49 49 249 501 980
add_line 0 0 19 49 49 249 980
add_line 0 0 19 49 49 49 169 349 980
add_line 0 0 19 49 49 49 169 509 980
add_line 0 0 19 49 49 49 169 980
add_line 0 0 19 49 49 49 289 577 980
add_line 0 0 19 49 49 49 289 980
add_line 0 0 19 49 49 49 97 212 431 980
add_line 0 0 19 49 49 49 97 212 625 980
add_line 0 0 19 49 49 49 97 212 980
add_line 0 0 19 49 49 49 97 315 626 980
add_line 0 0 19 49 49 49 97 315 980
add_line 0 0 19 49 49 49 97 980
add_line 0 0 19 49 49 89 197 402 980
add_line 0 0 19 49 49 89 197 585 980
add_line 0 0 19 49 49 89 197 980
add_line 0 0 19 49 49 89 293 585 980
add_line 0 0 19 49 49 89 293 980
add_line 0 0 19 49 49 89 980
add_line 0 0 19 49 97 174 174 174 297 592 980
add_line 0 0 19 49 97 174 174 174 297 980
add_line 0 0 19 49 97 174 174 174 482 980
add_line 0 0 19 49 97 174 174 174 980
add_line 0 0 19 49 97 174 174 276 552 980
add_line 0 0 19 49 97 174 174 276 980
add_line 0 0 19 49 97 174 174 980
add_line 0 0 19 49 97 174 297 297 297 494 980
add_line 0 0 19 49 97 174 297 297 297 980
add_line 0 0 19 49 97 174 297 297 494 980
add_line 0 0 19 49 97 174 297 297 980
add_line 0 0 19 49 97 174 297 494 494 494 980
add_line 0 0 19 49 97 174 297 494 494 980
add_line 0 0 19 49 97 174 297 494 980
add_line 0 0 19 49 97 174 297 980
add_line 0 0 19 49 97 174 440 440 440 980
add_line 0 0 19 49 97 174 440 440 980
add_line 0 0 19 49 97 174 440 980
add_line 0 0 19 49 97 174 980
add_line 0 0 19 49 97 263 263 263 439 980
add_line 0 0 19 49 97 263 263 263 980
add_line 0 0 19 49 97 263 263 410 980
add_line 0 0 19 49 97 263 263 980
add_line 0 0 19 49 97 263 439 439 439 980
add_line 0 0 19 49 97 263 439 439 980
add_line 0 0 19 49 97 263 439 980
add_line 0 0 19 49 97 263 645 645 645 980
add_line 0 0 19 49 97 263 645 645 980
add_line 0 0 19 49 97 263 645 980
add_line 0 0 19 49 97 263 980
add_line 0 0 19 49 97 97 174 358 980
add_line 0 0 19 49 97 97 174 522 980
add_line 0 0 19 49 97 97 174 980
add_line 0 0 19 49 97 97 289 577 980
add_line 0 0 19 49 97 97 289 980
add_line 0 0 19 49 97 97 481 980
add_line 0 0 19 49 97 97 97 174 358 980
add_line 0 0 19 49 97 97 97 174 522 980
add_line 0 0 19 49 97 97 97 174 980
add_line 0 0 19 49 97 97 97 289 577 980
add_line 0 0 19 49 97 97 97 289 980
add_line 0 0 19 49 97 97 97 481 980
add_line 0 0 19 49 97 97 97 980
add_line 0 0 19 49 97 97 980
add_line 0 0 19 49 97 980
add_line 0 0 19 84 153 153 153 263 528 980
add_line 0 0 19 84 153 153 153 263 980
add_line 0 0 19 84 153 153 153 429 980
add_line 0 0 19 84 153 153 153 980
add_line 0 0 19 84 153 153 263 528 980
add_line 0 0 19 84 153 153 263 980
add_line 0 0 19 84 153 153 429 980
add_line 0 0 19 84 153 153 980
add_line 0 0 19 84 153 263 263 263 439 980
add_line 0 0 19 84 153 263 263 263 980
add_line 0 0 19 84 153 263 263 410 980
add_line 0 0 19 84 153 263 263 980
add_line 0 0 19 84 153 263 439 439 439 980
add_line 0 0 19 84 153 263 439 439 980
add_line 0 0 19 84 153 263 439 980
add_line 0 0 19 84 153 263 645 645 645 980
add_line 0 0 19 84 153 263 645 645 980
add_line 0 0 19 84 153 263 645 980
add_line 0 0 19 84 153 263 980
add_line 0 0 19 84 153 392 392 392 646 980
add_line 0 0 19 84 153 392 392 392 980
add_line 0 0 19 84 153 392 392 604 980
add_line 0 0 19 84 153 392 392 980
add_line 0 0 19 84 153 392 646 646 646 980
add_line 0 0 19 84 153 392 646 646 980
add_line 0 0 19 84 153 392 646 980
add_line 0 0 19 84 153 392 980
add_line 0 0 19 84 153 980
add_line 0 0 19 84 234 234 234 393 980
add_line 0 0 19 84 234 234 234 632 980
add_line 0 0 19 84 234 234 234 980
add_line 0 0 19 84 234 234 393 980
add_line 0 0 19 84 234 234 632 980
add_line 0 0 19 84 234 234 980
add_line 0 0 19 84 234 393 393 393 647 980
add_line 0 0 19 84 234 393 393 393 980
add_line 0 0 19 84 234 393 393 605 980
add_line 0 0 19 84 234 393 393 980
add_line 0 0 19 84 234 393 647 647 647 980
add_line 0 0 19 84 234 393 647 647 980
add_line 0 0 19 84 234 393 647 980
add_line 0 0 19 84 234 393 980
add_line 0 0 19 84 234 578 578 578 980
add_line 0 0 19 84 234 578 578 980
add_line 0 0 19 84 234 578 980
add_line 0 0 19 84 234 980
add_line 0 0 19 84 84 142 298 594 980
add_line 0 0 19 84 84 142 298 980
add_line 0 0 19 84 84 142 436 980
add_line 0 0 19 84 84 142 980
add_line 0 0 19 84 84 372 980
add_line 0 0 19 84 84 84 153 319 634 980
add_line 0 0 19 84 84 84 153 319 980
add_line 0 0 19 84 84 84 153 466 980
add_line 0 0 19 84 84 84 153 980
add_line 0 0 19 84 84 84 256 514 980
add_line 0 0 19 84 84 84 256 980
add_line 0 0 19 84 84 84 429 980
add_line 0 0 19 84 84 84 980
add_line 0 0 19 84 84 980
add_line 0 0 19 84 980
add_line 0 0 42 137 137 137 238 480 980
add_line 0 0 42 137 137 137 238 980
add_line 0 0 42 137 137 137 389 980
add_line 0 0 42 137 137 137 641 980
add_line 0 0 42 137 137 137 980
add_line 0 0 42 137 137 221 448 980
add_line 0 0 42 137 137 221 649 980
add_line 0 0 42 137 137 221 980
add_line 0 0 42 137 137 557 980
add_line 0 0 42 137 137 980
add_line 0 0 42 137 238 238 238 399 980
add_line 0 0 42 137 238 238 238 642 980
add_line 0 0 42 137 238 238 238 980
add_line 0 0 42 137 238 238 399 980
add_line 0 0 42 137 238 238 642 980
add_line 0 0 42 137 238 238 980
add_line 0 0 42 137 238 399 399 399 980
add_line 0 0 42 137 238 399 399 614 980
add_line 0 0 42 137 238 399 399 980
add_line 0 0 42 137 238 399 980
add_line 0 0 42 137 238 588 588 588 980
add_line 0 0 42 137 238 588 588 980
add_line 0 0 42 137 238 588 980
add_line 0 0 42 137 238 980
add_line 0 0 42 137 355 355 355 587 980
add_line 0 0 42 137 355 355 355 980
add_line 0 0 42 137 355 355 587 980
add_line 0 0 42 137 355 355 980
add_line 0 0 42 137 355 587 587 587 980
add_line 0 0 42 137 355 587 587 980
add_line 0 0 42 137 355 587 980
add_line 0 0 42 137 355 980
add_line 0 0 42 137 980
add_line 0 0 42 42 152 317 630 980
add_line 0 0 42 42 152 317 980
add_line 0 0 42 42 152 463 980
add_line 0 0 42 42 152 980
add_line 0 0 42 42 261 524 980
add_line 0 0 42 42 261 980
add_line 0 0 42 42 42 152 317 630 980
add_line 0 0 42 42 42 152 317 980
add_line 0 0 42 42 42 152 463 980
add_line 0 0 42 42 42 152 980
add_line 0 0 42 42 42 261 524 980
add_line 0 0 42 42 42 261 980
add_line 0 0 42 42 42 86 191 391 980
add_line 0 0 42 42 42 86 191 568 980
add_line 0 0 42 42 42 86 191 980
add_line 0 0 42 42 42 86 285 569 980
add_line 0 0 42 42 42 86 285 980
add_line 0 0 42 42 42 86 980
add_line 0 0 42 42 86 191 391 980
add_line 0 0 42 42 86 191 568 980
add_line 0 0 42 42 86 191 980
add_line 0 0 42 42 86 285 569 980
add_line 0 0 42 42 86 285 980
add_line 0 0 42 42 86 980
add_line 0 0 42 86 156 156 156 268 537 980
add_line 0 0 42 86 156 156 156 268 980
add_line 0 0 42 86 156 156 156 436 980
add_line 0 0 42 86 156 156 156 980
add_line 0 0 42 86 156 156 268 537 980
add_line 0 0 42 86 156 156 268 980
add_line 0 0 42 86 156 156 436 980
add_line 0 0 42 86 156 156 980
add_line 0 0 42 86 156 268 268 268 447 980
add_line 0 0 42 86 156 268 268 268 980
add_line 0 0 42 86 156 268 268 418 980
add_line 0 0 42 86 156 268 268 980
add_line 0 0 42 86 156 268 447 447 447 980
add_line 0 0 42 86 156 268 447 447 980
add_line 0 0 42 86 156 268 447 980
add_line 0 0 42 86 156 268 980
add_line 0 0 42 86 156 399 399 399 980
add_line 0 0 42 86 156 399 399 614 980
add_line 0 0 42 86 156 399 399 980
add_line 0 0 42 86 156 399 980
add_line 0 0 42 86 156 980
add_line 0 0 42 86 238 238 238 399 980
add_line 0 0 42 86 238 238 238 642 980
add_line 0 0 42 86 238 238 238 980
add_line 0 0 42 86 238 238 399 980
add_line 0 0 42 86 238 238 642 980
add_line 0 0 42 86 238 238 980
add_line 0 0 42 86 238 399 399 399 980
add_line 0 0 42 86 238 399 399 614 980
add_line 0 0 42 86 238 399 399 980
add_line 0 0 42 86 238 399 980
add_line 0 0 42 86 238 588 588 588 980
add_line 0 0 42 86 238 588 588 980
add_line 0 0 42 86 238 588 980
add_line 0 0 42 86 238 980
add_line 0 0 42 86 86 144 302 602 980
add_line 0 0 42 86 86 144 302 980
add_line 0 0 42 86 86 144 442 980
add_line 0 0 42 86 86 144 980
add_line 0 0 42 86 86 378 980
add_line 0 0 42 86 86 86 156 324 644 980
add_line 0 0 42 86 86 86 156 324 980
add_line 0 0 42 86 86 86 156 474 980
add_line 0 0 42 86 86 86 156 980
add_line 0 0 42 86 86 86 262 526 980
add_line 0 0 42 86 86 86 262 980
add_line 0 0 42 86 86 86 437 980
add_line 0 0 42 86 86 86 980
add_line 0 0 42 86 86 980
add_line 0 0 42 86 980
add_line 0 0 62 124 124 124 217 440 980
add_line 0 0 62 124 124 124 217 639 980
add_line 0 0 62 124 124 124 217 980
add_line 0 0 62 124 124 124 356 980
add_line 0 0 62 124 124 124 589 980
add_line 0 0 62 124 124 124 980
add_line 0 0 62 124 124 202 412 980
add_line 0 0 62 124 124 202 598 980
add_line 0 0 62 124 124 202 980
add_line 0 0 62 124 124 512 980
add_line 0 0 62 124 124 980
add_line 0 0 62 124 217 217 217 366 980
add_line 0 0 62 124 217 217 217 589 980
add_line 0 0 62 124 217 217 217 980
add_line 0 0 62 124 217 217 366 980
add_line 0 0 62 124 217 217 589 980
add_line 0 0 62 124 217 217 980
add_line 0 0 62 124 217 366 366 366 604 980
add_line 0 0 62 124 217 366 366 366 980
add_line 0 0 62 124 217 366 366 564 980
add_line 0 0 62 124 217 366 366 980
add_line 0 0 62 124 217 366 604 604 604 980
add_line 0 0 62 124 217 366 604 604 980
add_line 0 0 62 124 217 366 604 980
add_line 0 0 62 124 217 366 980
add_line 0 0 62 124 217 539 539 539 980
add_line 0 0 62 124 217 539 539 980
add_line 0 0 62 124 217 539 980
add_line 0 0 62 124 217 980
add_line 0 0 62 124 326 326 326 540 980
add_line 0 0 62 124 326 326 326 980
add_line 0 0 62 124 326 326 540 980
add_line 0 0 62 124 326 326 980
add_line 0 0 62 124 326 540 540 540 980
add_line 0 0 62 124 326 540 540 980
add_line 0 0 62 124 326 540 980
add_line 0 0 62 124 326 980
add_line 0 0 62 124 980
add_line 0 0 62 183 183 183 311 619 980
add_line 0 0 62 183 183 183 311 980
add_line 0 0 62 183 183 183 504 980
add_line 0 0 62 183 183 183 980
add_line 0 0 62 183 183 290 579 980
add_line 0 0 62 183 183 290 980
add_line 0 0 62 183 183 980
add_line 0 0 62 183 311 311 311 516 980
add_line 0 0 62 183 311 311 311 980
add_line 0 0 62 183 311 311 516 980
add_line 0 0 62 183 311 311 980
add_line 0 0 62 183 311 516 516 516 980
add_line 0 0 62 183 311 516 516 980
add_line 0 0 62 183 311 516 980
add_line 0 0 62 183 311 980
add_line 0 0 62 183 461 461 461 980
add_line 0 0 62 183 461 461 980
add_line 0 0 62 183 461 980
add_line 0 0 62 183 980
add_line 0 0 62 62 118 252 507 980
add_line 0 0 62 62 118 252 980
add_line 0 0 62 62 118 371 980
add_line 0 0 62 62 118 980
add_line 0 0 62 62 202 412 980
add_line 0 0 62 62 202 598 980
add_line 0 0 62 62 202 980
add_line 0 0 62 62 341 980
add_line 0 0 62 62 62 118 252 507 980
add_line 0 0 62 62 62 118 252 980
add_line 0 0 62 62 62 118 371 980
add_line 0 0 62 62 62 118 980
add_line 0 0 62 62 62 202 412 980
add_line 0 0 62 62 62 202 598 980
add_line 0 0 62 62 62 202 980
add_line 0 0 62 62 62 341 980
add_line 0 0 62 62 62 980
add_line 0 0 62 62 980
add_line 0 0 62 980
add_line 0 0 93 186 186 186 316 628 980
add_line 0 0 93 186 186 186 316 980
add_line 0 0 93 186 186 186 512 980
add_line 0 0 93 186 186 186 980
add_line 0 0 93 186 186 294 586 980
add_line 0 0 93 186 186 294 980
add_line 0 0 93 186 186 980
add_line 0 0 93 186 316 316 316 524 980
add_line 0 0 93 186 316 316 316 980
add_line 0 0 93 186 316 316 524 980
add_line 0 0 93 186 316 316 980
add_line 0 0 93 186 316 524 524 524 980
add_line 0 0 93 186 316 524 524 980
add_line 0 0 93 186 316 524 980
add_line 0 0 93 186 316 980
add_line 0 0 93 186 468 468 468 980
add_line 0 0 93 186 468 468 980
add_line 0 0 93 186 468 980
add_line 0 0 93 186 980
add_line 0 0 93 254 254 254 425 980
add_line 0 0 93 254 254 254 980
add_line 0 0 93 254 254 396 980
add_line 0 0 93 254 254 980
add_line 0 0 93 254 425 425 425 980
add_line 0 0 93 254 425 425 980
add_line 0 0 93 254 425 980
add_line 0 0 93 254 624 624 624 980
add_line 0 0 93 254 624 624 980
add_line 0 0 93 254 624 980
add_line 0 0 93 254 980
add_line 0 0 93 93 167 345 980
add_line 0 0 93 93 167 504 980
add_line 0 0 93 93 167 980
add_line 0 0 93 93 279 558 980
add_line 0 0 93 93 279 980
add_line 0 0 93 93 465 980
add_line 0 0 93 93 93 167 345 980
add_line 0 0 93 93 93 167 504 980
add_line 0 0 93 93 93 167 980
add_line 0 0 93 93 93 279 558 980
add_line 0 0 93 93 93 279 980
add_line 0 0 93 93 93 465 980
add_line 0 0 93 93 93 980
add_line 0 0 93 93 980
add_line 0 0 93 980
add_line 0 19 19 19 119 119 119 209 425 980
add_line 0 19 19 19 119 119 119 209 617 980
add_line 0 19 19 19 119 119 119 209 980
add_line 0 19 19 19 119 119 119 344 980
add_line 0 19 19 19 119 119 119 569 980
add_line 0 19 19 19 119 119 119 980
add_line 0 19 19 19 119 119 194 396 980
add_line 0 19 19 19 119 119 194 576 980
add_line 0 19 19 19 119 119 194 980
add_line 0 19 19 19 119 119 494 980
add_line 0 19 19 19 119 119 980
add_line 0 19 19 19 119 219 219 219 369 980
add_line 0 19 19 19 119 219 219 219 594 980
add_line 0 19 19 19 119 219 219 219 980
add_line 0 19 19 19 119 219 219 369 980
add_line 0 19 19 19 119 219 219 594 980
add_line 0 19 19 19 119 219 219 980
add_line 0 19 19 19 119 219 369 369 369 609 980
add_line 0 19 19 19 119 219 369 369 369 980
add_line 0 19 19 19 119 219 369 369 569 980
add_line 0 19 19 19 119 219 369 369 980
add_line 0 19 19 19 119 219 369 609 609 609 980
add_line 0 19 19 19 119 219 369 609 609 980
add_line 0 19 19 19 119 219 369 609 980
add_line 0 19 19 19 119 219 369 980
add_line 0 19 19 19 119 219 544 544 544 980
add_line 0 19 19 19 119 219 544 544 980
add_line 0 19 19 19 119 219 544 980
add_line 0 19 19 19 119 219 980
add_line 0 19 19 19 119 314 314 314 521 980
add_line 0 19 19 19 119 314 314 314 980
add_line 0 19 19 19 119 314 314 521 980
add_line 0 19 19 19 119 314 314 980
add_line 0 19 19 19 119 314 521 521 521 980
add_line 0 19 19 19 119 314 521 521 980
add_line 0 19 19 19 119 314 521 980
add_line 0 19 19 19 119 314 980
add_line 0 19 19 19 119 980
add_line 0 19 19 19 169 169 169 289 577 980
add_line 0 19 19 19 169 169 169 289 980
add_line 0 19 19 19 169 169 169 469 980
add_line 0 19 19 19 169 169 169 980
add_line 0 19 19 19 169 169 269 539 980
add_line 0 19 19 19 169 169 269 980
add_line 0 19 19 19 169 169 980
add_line 0 19 19 19 169 319 319 319 529 980
add_line 0 19 19 19 169 319 319 319 980
add_line 0 19 19 19 169 319 319 529 980
add_line 0 19 19 19 169 319 319 980
add_line 0 19 19 19 169 319 529 529 529 980
add_line 0 19 19 19 169 319 529 529 980
add_line 0 19 19 19 169 319 529 980
add_line 0 19 19 19 169 319 980
add_line 0 19 19 19 169 429 429 429 980
add_line 0 19 19 19 169 429 429 980
add_line 0 19 19 19 169 429 980
add_line 0 19 19 19 169 980
add_line 0 19 19 19 19 169 349 980
add_line 0 19 19 19 19 169 509 980
add_line 0 19 19 19 19 169 980
add_line 0 19 19 19 19 19 169 349 980
add_line 0 19 19 19 19 19 169 509 980
add_line 0 19 19 19 19 19 169 980
add_line 0 19 19 19 19 19 49 121 258 518 980
add_line 0 19 19 19 19 19 49 121 258 980
add_line 0 19 19 19 19 19 49 121 379 980
add_line 0 19 19 19 19 19 49 121 980
add_line 0 19 19 19 19 19 49 185 379 980
add_line 0 19 19 19 19 19 49 185 552 980
add_line 0 19 19 19 19 19 49 185 980
add_line 0 19 19 19 19 19 94 206 419 980
add_line 0 19 19 19 19 19 94 206 609 980
add_line 0 19 19 19 19 19 94 206 980
add_line 0 19 19 19 19 19 94 306 609 980
add_line 0 19 19 19 19 19 94 306 980
add_line 0 19 19 19 19 19 94 980
add_line 0 19 19 19 19 49 121 258 518 980
add_line 0 19 19 19 19 49 121 258 980
add_line 0 19 19 19 19 49 121 379 980
add_line 0 19 19 19 19 49 121 980
add_line 0 19 19 19 19 49 185 379 980
add_line 0 19 19 19 19 49 185 552 980
add_line 0 19 19 19 19 49 185 980
add_line 0 19 19 19 19 94 206 419 980
add_line 0 19 19 19 19 94 206 609 980
add_line 0 19 19 19 19 94 206 980
add_line 0 19 19 19 19 94 306 609 980
add_line 0 19 19 19 19 94 306 980
add_line 0 19 19 19 19 94 980
add_line 0 19 19 19 49 153 153 153 263 528 980
add_line 0 19 19 19 49 153 153 153 263 980
add_line 0 19 19 19 49 153 153 153 429 980
add_line 0 19 19 19 49 153 153 153 980
add_line 0 19 19 19 49 153 153 263 528 980
add_line 0 19 19 19 49 153 153 263 980
add_line 0 19 19 19 49 153 153 429 980
add_line 0 19 19 19 49 153 153 980
add_line 0 19 19 19 49 153 263 263 263 439 980
add_line 0 19 19 19 49 153 263 263 263 980
add_line 0 19 19 19 49 153 263 263 410 980
add_line 0 19 19 19 49 153 263 263 980
add_line 0 19 19 19 49 153 263 439 439 439 980
add_line 0 19 19 19 49 153 263 439 439 980
add_line 0 19 19 19 49 153 263 439 980
add_line 0 19 19 19 49 153 263 645 645 645 980
add_line 0 19 19 19 49 153 263 645 645 980
add_line 0 19 19 19 49 153 263 645 980
add_line 0 19 19 19 49 153 263 980
add_line 0 19 19 19 49 153 392 392 392 646 980
add_line 0 19 19 19 49 153 392 392 392 980
add_line 0 19 19 19 49 153 392 392 604 980
add_line 0 19 19 19 49 153 392 392 980
add_line 0 19 19 19 49 153 392 646 646 646 980
add_line 0 19 19 19 49 153 392 646 646 980
add_line 0 19 19 19 49 153 392 646 980
add_line 0 19 19 19 49 153 392 980
add_line 0 19 19 19 49 153 980
add_line 0 19 19 19 49 49 249 501 980
add_line 0 19 19 19 49 49 249 980
add_line 0 19 19 19 49 49 49 169 349 980
add_line 0 19 19 19 49 49 49 169 509 980
add_line 0 19 19 19 49 49 49 169 980
add_line 0 19 19 19 49 49 49 289 577 980
add_line 0 19 19 19 49 49 49 289 980
add_line 0 19 19 19 49 49 49 97 212 431 980
add_line 0 19 19 19 49 49 49 97 212 625 980
add_line 0 19 19 19 49 49 49 97 212 980
add_line 0 19 19 19 49 49 49 97 315 626 980
add_line 0 19 19 19 49 49 49 97 315 980
add_line 0 19 19 19 49 49 49 97 980
add_line 0 19 19 19 49 49 89 197 402 980
add_line 0 19 19 19 49 49 89 197 585 980
add_line 0 19 19 19 49 49 89 197 980
add_line 0 19 19 19 49 49 89 293 585 980
add_line 0 19 19 19 49 49 89 293 980
add_line 0 19 19 19 49 49 89 980
add_line 0 19 19 19 49 97 174 174 174 297 592 980
add_line 0 19 19 19 49 97 174 174 174 297 980
add_line 0 19 19 19 49 97 174 174 174 482 980
add_line 0 19 19 19 49 97 174 174 174 980
add_line 0 19 19 19 49 97 174 174 276 552 980
add_line 0 19 19 19 49 97 174 174 276 980
add_line 0 19 19 19 49 97 174 174 980
add_line 0 19 19 19 49 97 174 297 297 297 494 980
add_line 0 19 19 19 49 97 174 297 297 297 980
add_line 0 19 19 19 49 97 174 297 297 494 980
add_line 0 19 19 19 49 97 174 297 297 980
add_line 0 19 19 19 49 97 174 297 494 494 494 980
add_line 0 19 19 19 49 97 174 297 494 494 980
add_line 0 19 19 19 49 97 174 297 494 980
add_line 0 19 19 19 49 97 174 297 980
add_line 0 19 19 19 49 97 174 440 440 440 980
add_line 0 19 19 19 49 97 174 440 440 980
add_line 0 19 19 19 49 97 174 440 980
add_line 0 19 19 19 49 97 174 980
add_line 0 19 19 19 49 97 263 263 263 439 980
add_line 0 19 19 19 49 97 263 263 263 980
add_line 0 19 19 19 49 97 263 263 410 980
add_line 0 19 19 19 49 97 263 263 980
add_line 0 19 19 19 49 97 263 439 439 439 980
add_line 0 19 19 19 49 97 263 439 439 980
add_line 0 19 19 19 49 97 263 439 980
add_line 0 19 19 19 49 97 263 645 645 645 980
add_line 0 19 19 19 49 97 263 645 645 980
add_line 0 19 19 19 49 97 263 645 980
add_line 0 19 19 19 49 97 263 980
add_line 0 19 19 19 49 97 97 174 358 980
add_line 0 19 19 19 49 97 97 174 522 980
add_line 0 19 19 19 49 97 97 174 980
add_line 0 19 19 19 49 97 97 289 577 980
add_line 0 19 19 19 49 97 97 289 980
add_line 0 19 19 19 49 97 97 481 980
add_line 0 19 19 19 49 97 97 97 174 358 980
add_line 0 19 19 19 49 97 97 97 174 522 980
add_line 0 19 19 19 49 97 97 97 174 980
add_line 0 19 19 19 49 97 97 97 289 577 980
add_line 0 19 19 19 49 97 97 97 289 980
add_line 0 19 19 19 49 97 97 97 481 980
add_line 0 19 19 19 49 97 97 97 980
add_line 0 19 19 19 49 97 97 980
add_line 0 19 19 19 49 97 980
add_line 0 19 19 19 86 156 156 156 268 537 980
add_line 0 19 19 19 86 156 156 156 268 980
add_line 0 19 19 19 86 156 156 156 436 980
add_line 0 19 19 19 86 156 156 156 980
add_line 0 19 19 19 86 156 156 268 537 980
add_line 0 19 19 19 86 156 156 268 980
add_line 0 19 19 19 86 156 156 436 980
add_line 0 19 19 19 86 156 156 980
add_line 0 19 19 19 86 156 268 268 268 447 980
add_line 0 19 19 19 86 156 268 268 268 980
add_line 0 19 19 19 86 156 268 268 418 980
add_line 0 19 19 19 86 156 268 268 980
add_line 0 19 19 19 86 156 268 447 447 447 980
add_line 0 19 19 19 86 156 268 447 447 980
add_line 0 19 19 19 86 156 268 447 980
add_line 0 19 19 19 86 156 268 980
add_line 0 19 19 19 86 156 399 399 399 980
add_line 0 19 19 19 86 156 399 399 614 980
add_line 0 19 19 19 86 156 399 399 980
add_line 0 19 19 19 86 156 399 980
add_line 0 19 19 19 86 156 980
add_line 0 19 19 19 86 238 238 238 399 980
add_line 0 19 19 19 86 238 238 238 642 980
add_line 0 19 19 19 86 238 238 238 980
add_line 0 19 19 19 86 238 238 399 980
add_line 0 19 19 19 86 238 238 642 980
add_line 0 19 19 19 86 238 238 980
add_line 0 19 19 19 86 238 399 399 399 980
add_line 0 19 19 19 86 238 399 399 614 980
add_line 0 19 19 19 86 238 399 399 980
add_line 0 19 19 19 86 238 399 980
add_line 0 19 19 19 86 238 588 588 588 980
add_line 0 19 19 19 86 238 588 588 980
add_line 0 19 19 19 86 238 588 980
add_line 0 19 19 19 86 238 980
add_line 0 19 19 19 86 86 144 302 602 980
add_line 0 19 19 19 86 86 144 302 980
add_line 0 19 19 19 86 86 144 442 980
add_line 0 19 19 19 86 86 144 980
add_line 0 19 19 19 86 86 378 980
add_line 0 19 19 19 86 86 86 156 324 644 980
add_line 0 19 19 19 86 86 86 156 324 980
add_line 0 19 19 19 86 86 86 156 474 980
add_line 0 19 19 19 86 86 86 156 980
add_line 0 19 19 19 86 86 86 262 526 980
add_line 0 19 19 19 86 86 86 262 980
add_line 0 19 19 19 86 86 86 437 980
add_line 0 19 19 19 86 86 86 980
add_line 0 19 19 19 86 86 980
add_line 0 19 19 19 86 980
add_line 0 19 19 49 153 153 153 263 528 980
add_line 0 19 19 49 153 153 153 263 980
add_line 0 19 19 49 153 153 153 429 980
add_line 0 19 19 49 153 153 153 980
add_line 0 19 19 49 153 153 245 493 980
add_line 0 19 19 49 153 153 245 980
add_line 0 19 19 49 153 153 613 980
add_line 0 19 19 49 153 153 980
add_line 0 19 19 49 153 263 263 263 439 980
add_line 0 19 19 49 153 263 263 263 980
add_line 0 19 19 49 153 263 263 439 980
add_line 0 19 19 49 153 263 263 980
add_line 0 19 19 49 153 263 439 439 439 980
add_line 0 19 19 49 153 263 439 439 980
add_line 0 19 19 49 153 263 439 980
add_line 0 19 19 49 153 263 645 645 645 980
add_line 0 19 19 49 153 263 645 645 980
add_line 0 19 19 49 153 263 645 980
add_line 0 19 19 49 153 263 980
add_line 0 19 19 49 153 392 392 392 646 980
add_line 0 19 19 49 153 392 392 392 980
add_line 0 19 19 49 153 392 392 646 980
add_line 0 19 19 49 153 392 392 980
add_line 0 19 19 49 153 392 646 646 646 980
add_line 0 19 19 49 153 392 646 646 980
add_line 0 19 19 49 153 392 646 980
add_line 0 19 19 49 153 392 980
add_line 0 19 19 49 153 980
add_line 0 19 19 49 49 169 349 980
add_line 0 19 19 49 49 169 509 980
add_line 0 19 19 49 49 169 980
add_line 0 19 19 49 49 289 577 980
add_line 0 19 19 49 49 289 980
add_line 0 19 19 49 49 49 169 349 980
add_line 0 19 19 49 49 49 169 509 980
add_line 0 19 19 49 49 49 169 980
add_line 0 19 19 49 49 49 289 577 980
add_line 0 19 19 49 49 49 289 980
add_line 0 19 19 49 49 49 97 212 431 980
add_line 0 19 19 49 49 49 97 212 625 980
add_line 0 19 19 49 49 49 97 212 980
add_line 0 19 19 49 49 49 97 315 626 980
add_line 0 19 19 49 49 49 97 315 980
add_line 0 19 19 49 49 49 97 980
add_line 0 19 19 49 49 97 212 431 980
add_line 0 19 19 49 49 97 212 625 980
add_line 0 19 19 49 49 97 212 980
add_line 0 19 19 49 49 97 315 626 980
add_line 0 19 19 49 49 97 315 980
add_line 0 19 19 49 49 97 980
add_line 0 19 19 49 97 174 174 174 297 592 980
add_line 0 19 19 49 97 174 174 174 297 980
add_line 0 19 19 49 97 174 174 174 482 980
add_line 0 19 19 49 97 174 174 174 980
add_line 0 19 19 49 97 174 174 297 592 980
add_line 0 19 19 49 97 174 174 297 980
add_line 0 19 19 49 97 174 174 482 980
add_line 0 19 19 49 97 174 174 980
add_line 0 19 19 49 97 174 297 297 297 494 980
add_line 0 19 19 49 97 174 297 297 297 980
add_line 0 19 19 49 97 174 297 297 461 980
add_line 0 19 19 49 97 174 297 297 980
add_line 0 19 19 49 97 174 297 494 494 494 980
add_line 0 19 19 49 97 174 297 494 494 980
add_line 0 19 19 49 97 174 297 494 980
add_line 0 19 19 49 97 174 297 980
add_line 0 19 19 49 97 174 440 440 440 980
add_line 0 19 19 49 97 174 440 440 980
add_line 0 19 19 49 97 174 440 980
add_line 0 19 19 49 97 174 980
add_line 0 19 19 49 97 263 263 263 439 980
add_line 0 19 19 49 97 263 263 263 980
add_line 0 19 19 49 97 263 263 439 980
add_line 0 19 19 49 97 263 263 980
add_line 0 19 19 49 97 263 439 439 439 980
add_line 0 19 19 49 97 263 439 439 980
add_line 0 19 19 49 97 263 439 980
add_line 0 19 19 49 97 263 645 645 645 980
add_line 0 19 19 49 97 263 645 645 980
add_line 0 19 19 49 97 263 645 980
add_line 0 19 19 49 97 263 980
add_line 0 19 19 49 97 97 161 334 980
add_line 0 19 19 49 97 97 161 487 980
add_line 0 19 19 49 97 97 161 980
add_line 0 19 19 49 97 97 417 980
add_line 0 19 19 49 97 97 97 174 358 980
add_line 0 19 19 49 97 97 97 174 522 980
add_line 0 19 19 49 97 97 97 174 980
add_line 0 19 19 49 97 97 97 289 577 980
add_line 0 19 19 49 97 97 97 289 980
add_line 0 19 19 49 97 97 97 481 980
add_line 0 19 19 49 97 97 97 980
add_line 0 19 19 49 97 97 980
add_line 0 19 19 49 97 980
add_line 0 19 19 99 179 179 179 305 607 980
add_line 0 19 19 99 179 179 179 305 980
add_line 0 19 19 99 179 179 179 494 980
add_line 0 19 19 99 179 179 179 980
add_line 0 19 19 99 179 179 284 568 980
add_line 0 19 19 99 179 179 284 980
add_line 0 19 19 99 179 179 980
add_line 0 19 19 99 179 305 305 305 507 980
add_line 0 19 19 99 179 305 305 305 980
add_line 0 19 19 99 179 305 305 507 980
add_line 0 19 19 99 179 305 305 980
add_line 0 19 19 99 179 305 507 507 507 980
add_line 0 19 19 99 179 305 507 507 980
add_line 0 19 19 99 179 305 507 980
add_line 0 19 19 99 179 305 980
add_line 0 19 19 99 179 452 452 452 980
add_line 0 19 19 99 179 452 452 980
add_line 0 19 19 99 179 452 980
add_line 0 19 19 99 179 980
add_line 0 19 19 99 268 268 268 447 980
add_line 0 19 19 99 268 268 268 980
add_line 0 19 19 99 268 268 418 980
add_line 0 19 19 99 268 268 980
add_line 0 19 19 99 268 447 447 447 980
add_line 0 19 19 99 268 447 447 980
add_line 0 19 19 99 268 447 980
add_line 0 19 19 99 268 980
add_line 0 19 19 99 980
add_line 0 19 19 99 99 177 364 980
add_line 0 19 19 99 99 177 531 980
add_line 0 19 19 99 99 177 980
add_line 0 19 19 99 99 294 586 980
add_line 0 19 19 99 99 294 980
add_line 0 19 19 99 99 489 980
add_line 0 19 19 99 99 980
add_line 0 19 19 99 99 99 177 364 980
add_line 0 19 19 99 99 99 177 531 980
add_line 0 19 19 99 99 99 177 980
add_line 0 19 19 99 99 99 294 586 980
add_line 0 19 19 99 99 99 294 980
add_line 0 19 19 99 99 99 489 980
add_line 0 19 19 99 99 99 980
add_line 0 19 47 117 117 117 117 117 206 419 980
add_line 0 19 47 117 117 117 117 117 206 609 980
add_line 0 19 47 117 117 117 117 117 206 980
add_line 0 19 47 117 117 117 117 117 339 980
add_line 0 19 47 117 117 117 117 117 561 980
add_line 0 19 47 117 117 117 117 117 980
add_line 0 19 47 117 117 117 117 206 419 980
add_line 0 19 47 117 117 117 117 206 609 980
add_line 0 19 47 117 117 117 117 206 980
add_line 0 19 47 117 117 117 117 339 980
add_line 0 19 47 117 117 117 117 561 980
add_line 0 19 47 117 117 117 117 980
add_line 0 19 47 117 117 117 206 206 206 348 980
add_line 0 19 47 117 117 117 206 206 206 562 980
add_line 0 19 47 117 117 117 206 206 206 980
add_line 0 19 47 117 117 117 206 206 324 644 980
add_line 0 19 47 117 117 117 206 206 324 980
add_line 0 19 47 117 117 117 206 206 980
add_line 0 19 47 117 117 117 206 348 348 348 575 980
add_line 0 19 47 117 117 117 206 348 348 348 980
add_line 0 19 47 117 117 117 206 348 348 575 980
add_line 0 19 47 117 117 117 206 348 348 980
add_line 0 19 47 117 117 117 206 348 575 575 575 980
add_line 0 19 47 117 117 117 206 348 575 575 980
add_line 0 19 47 117 117 117 206 348 575 980
add_line 0 19 47 117 117 117 206 348 980
add_line 0 19 47 117 117 117 206 514 514 514 980
add_line 0 19 47 117 117 117 206 514 514 980
add_line 0 19 47 117 117 117 206 514 980
add_line 0 19 47 117 117 117 206 980
add_line 0 19 47 117 117 117 315 315 315 523 980
add_line 0 19 47 117 117 117 315 315 315 980
add_line 0 19 47 117 117 117 315 315 488 980
add_line 0 19 47 117 117 117 315 315 980
add_line 0 19 47 117 117 117 315 523 523 523 980
add_line 0 19 47 117 117 117 315 523 523 980
add_line 0 19 47 117 117 117 315 523 980
add_line 0 19 47 117 117 117 315 980
add_line 0 19 47 117 117 117 413 413 413 980
add_line 0 19 47 117 117 117 413 413 635 980
add_line 0 19 47 117 117 117 413 413 980
add_line 0 19 47 117 117 117 413 980
add_line 0 19 47 117 117 117 561 561 561 980
add_line 0 19 47 117 117 117 561 561 980
add_line 0 19 47 117 117 117 561 980
add_line 0 19 47 117 117 117 980
add_line 0 19 47 117 117 206 206 206 348 980
add_line 0 19 47 117 117 206 206 206 562 980
add_line 0 19 47 117 117 206 206 206 980
add_line 0 19 47 117 117 206 206 348 980
add_line 0 19 47 117 117 206 206 562 980
add_line 0 19 47 117 117 206 206 980
add_line 0 19 47 117 117 206 348 348 348 575 980
add_line 0 19 47 117 117 206 348 348 348 980
add_line 0 19 47 117 117 206 348 348 538 980
add_line 0 19 47 117 117 206 348 348 980
add_line 0 19 47 117 117 206 348 575 575 575 980
add_line 0 19 47 117 117 206 348 575 575 980
add_line 0 19 47 117 117 206 348 575 980
add_line 0 19 47 117 117 206 348 980
add_line 0 19 47 117 117 206 514 514 514 980
add_line 0 19 47 117 117 206 514 514 980
add_line 0 19 47 117 117 206 514 980
add_line 0 19 47 117 117 206 980
add_line 0 19 47 117 117 354 354 354 585 980
add_line 0 19 47 117 117 354 354 354 980
add_line 0 19 47 117 117 354 354 585 980
add_line 0 19 47 117 117 354 354 980
add_line 0 19 47 117 117 354 591 591 591 980
add_line 0 19 47 117 117 354 591 591 980
add_line 0 19 47 117 117 354 591 980
add_line 0 19 47 117 117 354 980
add_line 0 19 47 117 117 980
add_line 0 19 47 117 222 222 222 222 222 374 980
add_line 0 19 47 117 222 222 222 222 222 602 980
add_line 0 19 47 117 222 222 222 222 222 980
add_line 0 19 47 117 222 222 222 222 374 980
add_line 0 19 47 117 222 222 222 222 602 980
add_line 0 19 47 117 222 222 222 222 980
add_line 0 19 47 117 222 222 222 374 374 374 617 980
add_line 0 19 47 117 222 222 222 374 374 374 980
add_line 0 19 47 117 222 222 222 374 374 576 980
add_line 0 19 47 117 222 222 222 374 374 980
add_line 0 19 47 117 222 222 222 374 617 617 617 980
add_line 0 19 47 117 222 222 222 374 617 617 980
add_line 0 19 47 117 222 222 222 374 617 980
add_line 0 19 47 117 222 222 222 374 980
add_line 0 19 47 117 222 222 222 561 561 561 980
add_line 0 19 47 117 222 222 222 561 561 980
add_line 0 19 47 117 222 222 222 561 980
add_line 0 19 47 117 222 222 222 980
add_line 0 19 47 117 222 222 374 374 374 617 980
add_line 0 19 47 117 222 222 374 374 374 980
add_line 0 19 47 117 222 222 374 374 617 980
add_line 0 19 47 117 222 222 374 374 980
add_line 0 19 47 117 222 222 374 617 617 617 980
add_line 0 19 47 117 222 222 374 617 617 980
add_line 0 19 47 117 222 222 374 617 980
add_line 0 19 47 117 222 222 374 980
add_line 0 19 47 117 222 222 561 561 561 980
add_line 0 19 47 117 222 222 561 561 980
add_line 0 19 47 117 222 222 561 980
add_line 0 19 47 117 222 222 980
add_line 0 19 47 117 222 380 380 380 380 380 627 980
add_line 0 19 47 117 222 380 380 380 380 380 980
add_line 0 19 47 117 222 380 380 380 380 627 980
add_line 0 19 47 117 222 380 380 380 380 980
add_line 0 19 47 117 222 380 380 380 627 627 627 980
add_line 0 19 47 117 222 380 380 380 627 627 980
add_line 0 19 47 117 222 380 380 380 627 980
add_line 0 19 47 117 222 380 380 380 980
add_line 0 19 47 117 222 380 380 627 627 627 980
add_line 0 19 47 117 222 380 380 627 627 980
add_line 0 19 47 117 222 380 380 627 980
add_line 0 19 47 117 222 380 380 980
add_line 0 19 47 117 222 380 617 617 617 617 617 980
add_line 0 19 47 117 222 380 617 617 617 617 980
add_line 0 19 47 117 222 380 617 617 617 980
add_line 0 19 47 117 222 380 617 617 980
add_line 0 19 47 117 222 380 617 980
add_line 0 19 47 117 222 380 980
add_line 0 19 47 117 222 484 484 484 484 484 980
add_line 0 19 47 117 222 484 484 484 484 980
add_line 0 19 47 117 222 484 484 484 980
add_line 0 19 47 117 222 484 484 980
add_line 0 19 47 117 222 484 980
add_line 0 19 47 117 292 292 292 292 292 486 980
add_line 0 19 47 117 292 292 292 292 292 980
add_line 0 19 47 117 292 292 292 292 486 980
add_line 0 19 47 117 292 292 292 292 980
add_line 0 19 47 117 292 292 292 486 486 486 980
add_line 0 19 47 117 292 292 292 486 486 980
add_line 0 19 47 117 292 292 292 486 980
add_line 0 19 47 117 292 292 292 980
add_line 0 19 47 117 292 292 486 486 486 980
add_line 0 19 47 117 292 292 486 486 980
add_line 0 19 47 117 292 292 486 980
add_line 0 19 47 117 292 292 980
add_line 0 19 47 117 292 554 554 554 554 554 980
add_line 0 19 47 117 292 554 554 554 554 980
add_line 0 19 47 117 292 554 554 554 980
add_line 0 19 47 117 292 554 554 980
add_line 0 19 47 117 292 554 980
add_line 0 19 47 117 292 980
add_line 0 19 47 47 152 152 152 262 526 980
add_line 0 19 47 47 152 152 152 262 980
add_line 0 19 47 47 152 152 152 426 980
add_line 0 19 47 47 152 152 152 980
add_line 0 19 47 47 152 152 262 526 980
add_line 0 19 47 47 152 152 262 980
add_line 0 19 47 47 152 152 426 980
add_line 0 19 47 47 152 152 980
add_line 0 19 47 47 152 262 262 262 438 980
add_line 0 19 47 47 152 262 262 262 980
add_line 0 19 47 47 152 262 262 408 980
add_line 0 19 47 47 152 262 262 980
add_line 0 19 47 47 152 262 438 438 438 980
add_line 0 19 47 47 152 262 438 438 980
add_line 0 19 47 47 152 262 438 980
add_line 0 19 47 47 152 262 643 643 643 980
add_line 0 19 47 47 152 262 643 643 980
add_line 0 19 47 47 152 262 643 980
add_line 0 19 47 47 152 262 980
add_line 0 19 47 47 152 390 390 390 643 980
add_line 0 19 47 47 152 390 390 390 980
add_line 0 19 47 47 152 390 390 600 980
add_line 0 19 47 47 152 390 390 980
add_line 0 19 47 47 152 390 643 643 643 980
add_line 0 19 47 47 152 390 643 643 980
add_line 0 19 47 47 152 390 643 980
add_line 0 19 47 47 152 390 980
add_line 0 19 47 47 152 980
add_line 0 19 47 47 203 203 203 343 980
add_line 0 19 47 47 203 203 203 554 980
add_line 0 19 47 47 203 203 203 980
add_line 0 19 47 47 203 203 343 980
add_line 0 19 47 47 203 203 554 980
add_line 0 19 47 47 203 203 980
add_line 0 19 47 47 203 359 359 359 593 980
add_line 0 19 47 47 203 359 359 359 980
add_line 0 19 47 47 203 359 359 554 980
add_line 0 19 47 47 203 359 359 980
add_line 0 19 47 47 203 359 593 593 593 980
add_line 0 19 47 47 203 359 593 593 980
add_line 0 19 47 47 203 359 593 980
add_line 0 19 47 47 203 359 980
add_line 0 19 47 47 203 507 507 507 980
add_line 0 19 47 47 203 507 507 980
add_line 0 19 47 47 203 507 980
add_line 0 19 47 47 203 980
add_line 0 19 47 47 281 281 281 468 980
add_line 0 19 47 47 281 281 281 980
add_line 0 19 47 47 281 281 468 980
add_line 0 19 47 47 281 281 980
add_line 0 19 47 47 281 515 515 515 980
add_line 0 19 47 47 281 515 515 980
add_line 0 19 47 47 281 515 980
add_line 0 19 47 47 281 980
add_line 0 19 47 47 47 152 152 152 262 526 980
add_line 0 19 47 47 47 152 152 152 262 980
add_line 0 19 47 47 47 152 152 152 426 980
add_line 0 19 47 47 47 152 152 152 980
add_line 0 19 47 47 47 152 152 244 492 980
add_line 0 19 47 47 47 152 152 244 980
add_line 0 19 47 47 47 152 152 610 980
add_line 0 19 47 47 47 152 152 980
add_line 0 19 47 47 47 152 262 262 262 438 980
add_line 0 19 47 47 47 152 262 262 262 980
add_line 0 19 47 47 47 152 262 262 438 980
add_line 0 19 47 47 47 152 262 262 980
add_line 0 19 47 47 47 152 262 438 438 438 980
add_line 0 19 47 47 47 152 262 438 438 980
add_line 0 19 47 47 47 152 262 438 980
add_line 0 19 47 47 47 152 262 643 643 643 980
add_line 0 19 47 47 47 152 262 643 643 980
add_line 0 19 47 47 47 152 262 643 980
add_line 0 19 47 47 47 152 262 980
add_line 0 19 47 47 47 152 390 390 390 643 980
add_line 0 19 47 47 47 152 390 390 390 980
add_line 0 19 47 47 47 152 390 390 643 980
add_line 0 19 47 47 47 152 390 390 980
add_line 0 19 47 47 47 152 390 643 643 643 980
add_line 0 19 47 47 47 152 390 643 643 980
add_line 0 19 47 47 47 152 390 643 980
add_line 0 19 47 47 47 152 390 980
add_line 0 19 47 47 47 152 980
add_line 0 19 47 47 47 203 203 203 343 980
add_line 0 19 47 47 47 203 203 203 554 980
add_line 0 19 47 47 47 203 203 203 980
add_line 0 19 47 47 47 203 203 320 636 980
add_line 0 19 47 47 47 203 203 320 980
add_line 0 19 47 47 47 203 203 980
add_line 0 19 47 47 47 203 359 359 359 593 980
add_line 0 19 47 47 47 203 359 359 359 980
add_line 0 19 47 47 47 203 359 359 593 980
add_line 0 19 47 47 47 203 359 359 980
add_line 0 19 47 47 47 203 359 593 593 593 980
add_line 0 19 47 47 47 203 359 593 593 980
add_line 0 19 47 47 47 203 359 593 980
add_line 0 19 47 47 47 203 359 980
add_line 0 19 47 47 47 203 507 507 507 980
add_line 0 19 47 47 47 203 507 507 980
add_line 0 19 47 47 47 203 507 980
add_line 0 19 47 47 47 203 980
add_line 0 19 47 47 47 281 281 281 468 980
add_line 0 19 47 47 47 281 281 281 980
add_line 0 19 47 47 47 281 281 437 980
add_line 0 19 47 47 47 281 281 980
add_line 0 19 47 47 47 281 515 515 515 980
add_line 0 19 47 47 47 281 515 515 980
add_line 0 19 47 47 47 281 515 980
add_line 0 19 47 47 47 281 980
add_line 0 19 47 47 47 47 164 340 980
add_line 0 19 47 47 47 47 164 496 980
add_line 0 19 47 47 47 47 164 980
add_line 0 19 47 47 47 47 281 562 980
add_line 0 19 47 47 47 47 281 980
add_line 0 19 47 47 47 47 47 164 340 980
add_line 0 19 47 47 47 47 47 164 496 980
add_line 0 19 47 47 47 47 47 164 980
add_line 0 19 47 47 47 47 47 281 562 980
add_line 0 19 47 47 47 47 47 281 980
add_line 0 19 47 47 47 47 47 94 206 419 980
add_line 0 19 47 47 47 47 47 94 206 609 980
add_line 0 19 47 47 47 47 47 94 206 980
add_line 0 19 47 47 47 47 47 94 306 609 980
add_line 0 19 47 47 47 47 47 94 306 980
add_line 0 19 47 47 47 47 47 94 980
add_line 0 19 47 47 47 47 94 206 419 980
add_line 0 19 47 47 47 47 94 206 609 980
add_line 0 19 47 47 47 47 94 206 980
add_line 0 19 47 47 47 47 94 306 609 980
add_line 0 19 47 47 47 47 94 306 980
add_line 0 19 47 47 47 47 94 980
add_line 0 19 47 47 47 94 169 169 169 289 577 980
add_line 0 19 47 47 47 94 169 169 169 289 980
add_line 0 19 47 47 47 94 169 169 169 469 980
add_line 0 19 47 47 47 94 169 169 169 980
add_line 0 19 47 47 47 94 169 169 289 577 980
add_line 0 19 47 47 47 94 169 169 289 980
add_line 0 19 47 47 47 94 169 169 469 980
add_line 0 19 47 47 47 94 169 169 980
add_line 0 19 47 47 47 94 169 289 289 289 481 980
add_line 0 19 47 47 47 94 169 289 289 289 980
add_line 0 19 47 47 47 94 169 289 289 449 980
add_line 0 19 47 47 47 94 169 289 289 980
add_line 0 19 47 47 47 94 169 289 481 481 481 980
add_line 0 19 47 47 47 94 169 289 481 481 980
add_line 0 19 47 47 47 94 169 289 481 980
add_line 0 19 47 47 47 94 169 289 980
add_line 0 19 47 47 47 94 169 429 429 429 980
add_line 0 19 47 47 47 94 169 429 429 980
add_line 0 19 47 47 47 94 169 429 980
add_line 0 19 47 47 47 94 169 980
add_line 0 19 47 47 47 94 256 256 256 428 980
add_line 0 19 47 47 47 94 256 256 256 980
add_line 0 19 47 47 47 94 256 256 428 980
add_line 0 19 47 47 47 94 256 256 980
add_line 0 19 47 47 47 94 256 428 428 428 980
add_line 0 19 47 47 47 94 256 428 428 980
add_line 0 19 47 47 47 94 256 428 980
add_line 0 19 47 47 47 94 256 629 629 629 980
add_line 0 19 47 47 47 94 256 629 629 980
add_line 0 19 47 47 47 94 256 629 980
add_line 0 19 47 47 47 94 256 980
add_line 0 19 47 47 47 94 94 156 324 644 980
add_line 0 19 47 47 47 94 94 156 324 980
add_line 0 19 47 47 47 94 94 156 474 980
add_line 0 19 47 47 47 94 94 156 980
add_line 0 19 47 47 47 94 94 406 980
add_line 0 19 47 47 47 94 94 94 169 349 980
add_line 0 19 47 47 47 94 94 94 169 509 980
add_line 0 19 47 47 47 94 94 94 169 980
add_line 0 19 47 47 47 94 94 94 282 564 980
add_line 0 19 47 47 47 94 94 94 282 980
add_line 0 19 47 47 47 94 94 94 469 980
add_line 0 19 47 47 47 94 94 94 980
add_line 0 19 47 47 47 94 94 980
add_line 0 19 47 47 47 94 980
add_line 0 19 47 47 94 169 169 169 289 577 980
add_line 0 19 47 47 94 169 169 169 289 980
add_line 0 19 47 47 94 169 169 169 469 980
add_line 0 19 47 47 94 169 169 169 980
add_line 0 19 47 47 94 169 169 269 539 980
add_line 0 19 47 47 94 169 169 269 980
add_line 0 19 47 47 94 169 169 980
add_line 0 19 47 47 94 169 289 289 289 481 980
add_line 0 19 47 47 94 169 289 289 289 980
add_line 0 19 47 47 94 169 289 289 481 980
add_line 0 19 47 47 94 169 289 289 980
add_line 0 19 47 47 94 169 289 481 481 481 980
add_line 0 19 47 47 94 169 289 481 481 980
add_line 0 19 47 47 94 169 289 481 980
add_line 0 19 47 47 94 169 289 980
add_line 0 19 47 47 94 169 429 429 429 980
add_line 0 19 47 47 94 169 429 429 980
add_line 0 19 47 47 94 169 429 980
add_line 0 19 47 47 94 169 980
add_line 0 19 47 47 94 256 256 256 428 980
add_line 0 19 47 47 94 256 256 256 980
add_line 0 19 47 47 94 256 256 400 980
add_line 0 19 47 47 94 256 256 980
add_line 0 19 47 47 94 256 428 428 428 980
add_line 0 19 47 47 94 256 428 428 980
add_line 0 19 47 47 94 256 428 980
add_line 0 19 47 47 94 256 629 629 629 980
add_line 0 19 47 47 94 256 629 629 980
add_line 0 19 47 47 94 256 629 980
add_line 0 19 47 47 94 256 980
add_line 0 19 47 47 94 94 169 349 980
add_line 0 19 47 47 94 94 169 509 980
add_line 0 19 47 47 94 94 169 980
add_line 0 19 47 47 94 94 282 564 980
add_line 0 19 47 47 94 94 282 980
add_line 0 19 47 47 94 94 469 980
add_line 0 19 47 47 94 94 94 169 349 980
add_line 0 19 47 47 94 94 94 169 509 980
add_line 0 19 47 47 94 94 94 169 980
add_line 0 19 47 47 94 94 94 282 564 980
add_line 0 19 47 47 94 94 94 282 980
add_line 0 19 47 47 94 94 94 469 980
add_line 0 19 47 47 94 94 94 980
add_line 0 19 47 47 94 94 980
add_line 0 19 47 47 94 980
add_line 0 19 47 89 152 152 152 152 152 262 526 980
add_line 0 19 47 89 152 152 152 152 152 262 980
add_line 0 19 47 89 152 152 152 152 152 426 980
add_line 0 19 47 89 152 152 152 152 152 980
add_line 0 19 47 89 152 152 152 152 262 526 980
add_line 0 19 47 89 152 152 152 152 262 980
add_line 0 19 47 89 152 152 152 152 426 980
add_line 0 19 47 89 152 152 152 152 980
add_line 0 19 47 89 152 152 152 262 262 262 438 980
add_line 0 19 47 89 152 152 152 262 262 262 980
add_line 0 19 47 89 152 152 152 262 262 408 980
add_line 0 19 47 89 152 152 152 262 262 980
add_line 0 19 47 89 152 152 152 262 438 438 438 980
add_line 0 19 47 89 152 152 152 262 438 438 980
add_line 0 19 47 89 152 152 152 262 438 980
add_line 0 19 47 89 152 152 152 262 643 643 643 980
add_line 0 19 47 89 152 152 152 262 643 643 980
add_line 0 19 47 89 152 152 152 262 643 980
add_line 0 19 47 89 152 152 152 262 980
add_line 0 19 47 89 152 152 152 397 397 397 654 980
add_line 0 19 47 89 152 152 152 397 397 397 980
add_line 0 19 47 89 152 152 152 397 397 611 980
add_line 0 19 47 89 152 152 152 397 397 980
add_line 0 19 47 89 152 152 152 397 654 654 654 980
add_line 0 19 47 89 152 152 152 397 654 654 980
add_line 0 19 47 89 152 152 152 397 654 980
add_line 0 19 47 89 152 152 152 397 980
add_line 0 19 47 89 152 152 152 518 518 518 980
add_line 0 19 47 89 152 152 152 518 518 980
add_line 0 19 47 89 152 152 152 518 980
add_line 0 19 47 89 152 152 152 980
add_line 0 19 47 89 152 152 262 262 262 438 980
add_line 0 19 47 89 152 152 262 262 262 980
add_line 0 19 47 89 152 152 262 262 438 980
add_line 0 19 47 89 152 152 262 262 980
add_line 0 19 47 89 152 152 262 438 438 438 980
add_line 0 19 47 89 152 152 262 438 438 980
add_line 0 19 47 89 152 152 262 438 980
add_line 0 19 47 89 152 152 262 643 643 643 980
add_line 0 19 47 89 152 152 262 643 643 980
add_line 0 19 47 89 152 152 262 643 980
add_line 0 19 47 89 152 152 262 980
add_line 0 19 47 89 152 152 397 397 397 654 980
add_line 0 19 47 89 152 152 397 397 397 980
add_line 0 19 47 89 152 152 397 397 654 980
add_line 0 19 47 89 152 152 397 397 980
add_line 0 19 47 89 152 152 397 654 654 654 980
add_line 0 19 47 89 152 152 397 654 654 980
add_line 0 19 47 89 152 152 397 654 980
add_line 0 19 47 89 152 152 397 980
add_line 0 19 47 89 152 152 518 518 518 980
add_line 0 19 47 89 152 152 518 518 980
add_line 0 19 47 89 152 152 518 980
add_line 0 19 47 89 152 152 980
add_line 0 19 47 89 152 246 246 246 246 246 412 980
add_line 0 19 47 89 152 246 246 246 246 246 980
add_line 0 19 47 89 152 246 246 246 246 412 980
add_line 0 19 47 89 152 246 246 246 246 980
add_line 0 19 47 89 152 246 246 246 412 412 412 980
add_line 0 19 47 89 152 246 246 246 412 412 634 980
add_line 0 19 47 89 152 246 246 246 412 412 980
add_line 0 19 47 89 152 246 246 246 412 980
add_line 0 19 47 89 152 246 246 246 617 617 617 980
add_line 0 19 47 89 152 246 246 246 617 617 980
add_line 0 19 47 89 152 246 246 246 617 980
add_line 0 19 47 89 152 246 246 246 980
add_line 0 19 47 89 152 246 246 412 412 412 980
add_line 0 19 47 89 152 246 246 412 412 980
add_line 0 19 47 89 152 246 246 412 980
add_line 0 19 47 89 152 246 246 980
add_line 0 19 47 89 152 246 387 387 387 387 387 638 980
add_line 0 19 47 89 152 246 387 387 387 387 387 980
add_line 0 19 47 89 152 246 387 387 387 387 638 980
add_line 0 19 47 89 152 246 387 387 387 387 980
add_line 0 19 47 89 152 246 387 387 387 638 638 638 980
add_line 0 19 47 89 152 246 387 387 387 638 638 980
add_line 0 19 47 89 152 246 387 387 387 638 980
add_line 0 19 47 89 152 246 387 387 387 980
add_line 0 19 47 89 152 246 387 387 638 638 638 980
add_line 0 19 47 89 152 246 387 387 638 638 980
add_line 0 19 47 89 152 246 387 387 638 980
add_line 0 19 47 89 152 246 387 387 980
add_line 0 19 47 89 152 246 387 599 599 599 599 599 980
add_line 0 19 47 89 152 246 387 599 599 599 599 980
add_line 0 19 47 89 152 246 387 599 599 599 980
add_line 0 19 47 89 152 246 387 599 599 980
add_line 0 19 47 89 152 246 387 599 980
add_line 0 19 47 89 152 246 387 980
add_line 0 19 47 89 152 246 481 481 481 481 481 980
add_line 0 19 47 89 152 246 481 481 481 481 980
add_line 0 19 47 89 152 246 481 481 481 980
add_line 0 19 47 89 152 246 481 481 980
add_line 0 19 47 89 152 246 481 980
add_line 0 19 47 89 152 310 310 310 310 310 515 980
add_line 0 19 47 89 152 310 310 310 310 310 980
add_line 0 19 47 89 152 310 310 310 310 515 980
add_line 0 19 47 89 152 310 310 310 310 980
add_line 0 19 47 89 152 310 310 310 515 515 515 980
add_line 0 19 47 89 152 310 310 310 515 515 980
add_line 0 19 47 89 152 310 310 310 515 980
add_line 0 19 47 89 152 310 310 310 980
add_line 0 19 47 89 152 310 310 515 515 515 980
add_line 0 19 47 89 152 310 310 515 515 980
add_line 0 19 47 89 152 310 310 515 980
add_line 0 19 47 89 152 310 310 980
add_line 0 19 47 89 152 310 547 547 547 547 547 980
add_line 0 19 47 89 152 310 547 547 547 547 980
add_line 0 19 47 89 152 310 547 547 547 980
add_line 0 19 47 89 152 310 547 547 980
add_line 0 19 47 89 152 310 547 980
add_line 0 19 47 89 152 310 980
add_line 0 19 47 89 194 194 194 194 194 329 653 980
add_line 0 19 47 89 194 194 194 194 194 329 980
add_line 0 19 47 89 194 194 194 194 194 532 980
add_line 0 19 47 89 194 194 194 194 194 980
add_line 0 19 47 89 194 194 194 194 329 653 980
add_line 0 19 47 89 194 194 194 194 329 980
add_line 0 19 47 89 194 194 194 194 532 980
add_line 0 19 47 89 194 194 194 194 980
add_line 0 19 47 89 194 194 194 329 329 329 545 980
add_line 0 19 47 89 194 194 194 329 329 329 980
add_line 0 19 47 89 194 194 194 329 329 509 980
add_line 0 19 47 89 194 194 194 329 329 980
add_line 0 19 47 89 194 194 194 329 545 545 545 980
add_line 0 19 47 89 194 194 194 329 545 545 980
add_line 0 19 47 89 194 194 194 329 545 980
add_line 0 19 47 89 194 194 194 329 980
add_line 0 19 47 89 194 194 194 496 496 496 980
add_line 0 19 47 89 194 194 194 496 496 980
add_line 0 19 47 89 194 194 194 496 980
add_line 0 19 47 89 194 194 194 644 644 644 980
add_line 0 19 47 89 194 194 194 644 644 980
add_line 0 19 47 89 194 194 194 644 980
add_line 0 19 47 89 194 194 194 980
add_line 0 19 47 89 194 194 329 329 329 545 980
add_line 0 19 47 89 194 194 329 329 329 980
add_line 0 19 47 89 194 194 329 329 545 980
add_line 0 19 47 89 194 194 329 329 980
add_line 0 19 47 89 194 194 329 545 545 545 980
add_line 0 19 47 89 194 194 329 545 545 980
add_line 0 19 47 89 194 194 329 545 980
add_line 0 19 47 89 194 194 329 980
add_line 0 19 47 89 194 194 496 496 496 980
add_line 0 19 47 89 194 194 496 496 980
add_line 0 19 47 89 194 194 496 980
add_line 0 19 47 89 194 194 644 644 644 980
add_line 0 19 47 89 194 194 644 644 980
add_line 0 19 47 89 194 194 644 980
add_line 0 19 47 89 194 194 980
add_line 0 19 47 89 194 352 352 352 352 352 582 980
add_line 0 19 47 89 194 352 352 352 352 352 980
add_line 0 19 47 89 194 352 352 352 352 582 980
add_line 0 19 47 89 194 352 352 352 352 980
add_line 0 19 47 89 194 352 352 352 582 582 582 980
add_line 0 19 47 89 194 352 352 352 582 582 980
add_line 0 19 47 89 194 352 352 352 582 980
add_line 0 19 47 89 194 352 352 352 980
add_line 0 19 47 89 194 352 352 582 582 582 980
add_line 0 19 47 89 194 352 352 582 582 980
add_line 0 19 47 89 194 352 352 582 980
add_line 0 19 47 89 194 352 352 980
add_line 0 19 47 89 194 352 589 589 589 589 589 980
add_line 0 19 47 89 194 352 589 589 589 589 980
add_line 0 19 47 89 194 352 589 589 589 980
add_line 0 19 47 89 194 352 589 589 980
add_line 0 19 47 89 194 352 589 980
add_line 0 19 47 89 194 352 980
add_line 0 19 47 89 194 456 456 456 456 456 980
add_line 0 19 47 89 194 456 456 456 456 980
add_line 0 19 47 89 194 456 456 456 980
add_line 0 19 47 89 194 456 456 980
add_line 0 19 47 89 194 456 980
add_line 0 19 47 89 89 161 161 161 276 552 980
add_line 0 19 47 89 89 161 161 161 276 980
add_line 0 19 47 89 89 161 161 161 449 980
add_line 0 19 47 89 89 161 161 161 980
add_line 0 19 47 89 89 161 161 276 552 980
add_line 0 19 47 89 89 161 161 276 980
add_line 0 19 47 89 89 161 161 449 980
add_line 0 19 47 89 89 161 161 980
add_line 0 19 47 89 89 161 276 276 276 460 980
add_line 0 19 47 89 89 161 276 276 276 980
add_line 0 19 47 89 89 161 276 276 430 980
add_line 0 19 47 89 89 161 276 276 980
add_line 0 19 47 89 89 161 276 460 460 460 980
add_line 0 19 47 89 89 161 276 460 460 980
add_line 0 19 47 89 89 161 276 460 980
add_line 0 19 47 89 89 161 276 980
add_line 0 19 47 89 89 161 411 411 411 980
add_line 0 19 47 89 89 161 411 411 632 980
add_line 0 19 47 89 89 161 411 411 980
add_line 0 19 47 89 89 161 411 980
add_line 0 19 47 89 89 161 980
add_line 0 19 47 89 89 281 281 281 468 980
add_line 0 19 47 89 89 281 281 281 980
add_line 0 19 47 89 89 281 281 468 980
add_line 0 19 47 89 89 281 281 980
add_line 0 19 47 89 89 281 473 473 473 980
add_line 0 19 47 89 89 281 473 473 980
add_line 0 19 47 89 89 281 473 980
add_line 0 19 47 89 89 281 980
add_line 0 19 47 89 89 89 161 161 161 276 552 980
add_line 0 19 47 89 89 89 161 161 161 276 980
add_line 0 19 47 89 89 89 161 161 161 449 980
add_line 0 19 47 89 89 89 161 161 161 980
add_line 0 19 47 89 89 89 161 161 257 516 980
add_line 0 19 47 89 89 89 161 161 257 980
add_line 0 19 47 89 89 89 161 161 641 980
add_line 0 19 47 89 89 89 161 161 980
add_line 0 19 47 89 89 89 161 276 276 276 460 980
add_line 0 19 47 89 89 89 161 276 276 276 980
add_line 0 19 47 89 89 89 161 276 276 460 980
add_line 0 19 47 89 89 89 161 276 276 980
add_line 0 19 47 89 89 89 161 276 460 460 460 980
add_line 0 19 47 89 89 89 161 276 460 460 980
add_line 0 19 47 89 89 89 161 276 460 980
add_line 0 19 47 89 89 89 161 276 980
add_line 0 19 47 89 89 89 161 411 411 411 980
add_line 0 19 47 89 89 89 161 411 411 980
add_line 0 19 47 89 89 89 161 411 980
add_line 0 19 47 89 89 89 161 980
add_line 0 19 47 89 89 89 250 250 250 419 980
add_line 0 19 47 89 89 89 250 250 250 980
add_line 0 19 47 89 89 89 250 250 390 980
add_line 0 19 47 89 89 89 250 250 980
add_line 0 19 47 89 89 89 250 419 419 419 980
add_line 0 19 47 89 89 89 250 419 419 980
add_line 0 19 47 89 89 89 250 419 980
add_line 0 19 47 89 89 89 250 615 615 615 980
add_line 0 19 47 89 89 89 250 615 615 980
add_line 0 19 47 89 89 89 250 615 980
add_line 0 19 47 89 89 89 250 980
add_line 0 19 47 89 89 89 329 329 329 545 980
add_line 0 19 47 89 89 89 329 329 329 980
add_line 0 19 47 89 89 89 329 329 509 980
add_line 0 19 47 89 89 89 329 329 980
add_line 0 19 47 89 89 89 329 569 569 569 980
add_line 0 19 47 89 89 89 329 569 569 980
add_line 0 19 47 89 89 89 329 569 980
add_line 0 19 47 89 89 89 329 980
add_line 0 19 47 89 89 89 449 449 449 980
add_line 0 19 47 89 89 89 449 449 980
add_line 0 19 47 89 89 89 449 980
add_line 0 19 47 89 89 89 89 161 334 980
add_line 0 19 47 89 89 89 89 161 487 980
add_line 0 19 47 89 89 89 89 161 980
add_line 0 19 47 89 89 89 89 269 539 980
add_line 0 19 47 89 89 89 89 269 980
add_line 0 19 47 89 89 89 89 449 980
add_line 0 19 47 89 89 89 89 89 161 334 980
add_line 0 19 47 89 89 89 89 89 161 487 980
add_line 0 19 47 89 89 89 89 89 161 980
add_line 0 19 47 89 89 89 89 89 269 539 980
add_line 0 19 47 89 89 89 89 89 269 980
add_line 0 19 47 89 89 89 89 89 449 980
add_line 0 19 47 89 89 89 89 89 980
add_line 0 19 47 89 89 89 89 980
add_line 0 19 47 89 89 89 980
add_line 0 19 47 89 89 980
add_line 0 19 67 139 139 139 139 139 241 486 980
add_line 0 19 67 139 139 139 139 139 241 980
add_line 0 19 67 139 139 139 139 139 394 980
add_line 0 19 67 139 139 139 139 139 649 980
add_line 0 19 67 139 139 139 139 139 980
add_line 0 19 67 139 139 139 139 241 486 980
add_line 0 19 67 139 139 139 139 241 980
add_line 0 19 67 139 139 139 139 394 980
add_line 0 19 67 139 139 139 139 649 980
add_line 0 19 67 139 139 139 139 980
add_line 0 19 67 139 139 139 241 241 241 404 980
add_line 0 19 67 139 139 139 241 241 241 649 980
add_line 0 19 67 139 139 139 241 241 241 980
add_line 0 19 67 139 139 139 241 241 377 980
add_line 0 19 67 139 139 139 241 241 980
add_line 0 19 67 139 139 139 241 404 404 404 980
add_line 0 19 67 139 139 139 241 404 404 980
add_line 0 19 67 139 139 139 241 404 980
add_line 0 19 67 139 139 139 241 595 595 595 980
add_line 0 19 67 139 139 139 241 595 595 980
add_line 0 19 67 139 139 139 241 595 980
add_line 0 19 67 139 139 139 241 980
add_line 0 19 67 139 139 139 367 367 367 606 980
add_line 0 19 67 139 139 139 367 367 367 980
add_line 0 19 67 139 139 139 367 367 566 980
add_line 0 19 67 139 139 139 367 367 980
add_line 0 19 67 139 139 139 367 606 606 606 980
add_line 0 19 67 139 139 139 367 606 606 980
add_line 0 19 67 139 139 139 367 606 980
add_line 0 19 67 139 139 139 367 980
add_line 0 19 67 139 139 139 479 479 479 980
add_line 0 19 67 139 139 139 479 479 980
add_line 0 19 67 139 139 139 479 980
add_line 0 19 67 139 139 139 649 649 649 980
add_line 0 19 67 139 139 139 649 649 980
add_line 0 19 67 139 139 139 649 980
add_line 0 19 67 139 139 139 980
add_line 0 19 67 139 139 241 241 241 404 980
add_line 0 19 67 139 139 241 241 241 649 980
add_line 0 19 67 139 139 241 241 241 980
add_line 0 19 67 139 139 241 241 404 980
add_line 0 19 67 139 139 241 241 649 980
add_line 0 19 67 139 139 241 241 980
add_line 0 19 67 139 139 241 404 404 404 980
add_line 0 19 67 139 139 241 404 404 622 980
add_line 0 19 67 139 139 241 404 404 980
add_line 0 19 67 139 139 241 404 980
add_line 0 19 67 139 139 241 595 595 595 980
add_line 0 19 67 139 139 241 595 595 980
add_line 0 19 67 139 139 241 595 980
add_line 0 19 67 139 139 241 980
add_line 0 19 67 139 139 411 411 411 980
add_line 0 19 67 139 139 411 411 980
add_line 0 19 67 139 139 411 980
add_line 0 19 67 139 139 980
add_line 0 19 67 139 247 247 247 247 247 414 980
add_line 0 19 67 139 247 247 247 247 247 980
add_line 0 19 67 139 247 247 247 247 414 980
add_line 0 19 67 139 247 247 247 247 980
add_line 0 19 67 139 247 247 247 414 414 414 980
add_line 0 19 67 139 247 247 247 414 414 636 980
add_line 0 19 67 139 247 247 247 414 414 980
add_line 0 19 67 139 247 247 247 414 980
add_line 0 19 67 139 247 247 247 620 620 620 980
add_line 0 19 67 139 247 247 247 620 620 980
add_line 0 19 67 139 247 247 247 620 980
add_line 0 19 67 139 247 247 247 980
add_line 0 19 67 139 247 247 414 414 414 980
add_line 0 19 67 139 247 247 414 414 980
add_line 0 19 67 139 247 247 414 980
add_line 0 19 67 139 247 247 620 620 620 980
add_line 0 19 67 139 247 247 620 620 980
add_line 0 19 67 139 247 247 620 980
add_line 0 19 67 139 247 247 980
add_line 0 19 67 139 247 409 409 409 409 409 980
add_line 0 19 67 139 247 409 409 409 409 980
add_line 0 19 67 139 247 409 409 409 980
add_line 0 19 67 139 247 409 409 980
add_line 0 19 67 139 247 409 652 652 652 652 652 980
add_line 0 19 67 139 247 409 652 652 652 652 980
add_line 0 19 67 139 247 409 652 652 652 980
add_line 0 19 67 139 247 409 652 652 980
add_line 0 19 67 139 247 409 652 980
add_line 0 19 67 139 247 409 980
add_line 0 19 67 139 247 517 517 517 517 517 980
add_line 0 19 67 139 247 517 517 517 517 980
add_line 0 19 67 139 247 517 517 517 980
add_line 0 19 67 139 247 517 517 980
add_line 0 19 67 139 247 517 980
add_line 0 19 67 139 319 319 319 319 319 529 980
add_line 0 19 67 139 319 319 319 319 319 980
add_line 0 19 67 139 319 319 319 319 529 980
add_line 0 19 67 139 319 319 319 319 980
add_line 0 19 67 139 319 319 319 529 529 529 980
add_line 0 19 67 139 319 319 319 529 529 980
add_line 0 19 67 139 319 319 319 529 980
add_line 0 19 67 139 319 319 319 980
add_line 0 19 67 139 319 319 529 529 529 980
add_line 0 19 67 139 319 319 529 529 980
add_line 0 19 67 139 319 319 529 980
add_line 0 19 67 139 319 319 980
add_line 0 19 67 139 319 589 589 589 589 589 980
add_line 0 19 67 139 319 589 589 589 589 980
add_line 0 19 67 139 319 589 589 589 980
add_line 0 19 67 139 319 589 589 980
add_line 0 19 67 139 319 589 980
add_line 0 19 67 139 319 980
add_line 0 19 67 187 187 187 187 187 318 632 980
add_line 0 19 67 187 187 187 187 187 318 980
add_line 0 19 67 187 187 187 187 187 514 980
add_line 0 19 67 187 187 187 187 187 980
add_line 0 19 67 187 187 187 187 318 632 980
add_line 0 19 67 187 187 187 187 318 980
add_line 0 19 67 187 187 187 187 514 980
add_line 0 19 67 187 187 187 187 980
add_line 0 19 67 187 187 187 318 318 318 527 980
add_line 0 19 67 187 187 187 318 318 318 980
add_line 0 19 67 187 187 187 318 318 492 980
add_line 0 19 67 187 187 187 318 318 980
add_line 0 19 67 187 187 187 318 527 527 527 980
add_line 0 19 67 187 187 187 318 527 527 980
add_line 0 19 67 187 187 187 318 527 980
add_line 0 19 67 187 187 187 318 980
add_line 0 19 67 187 187 187 479 479 479 980
add_line 0 19 67 187 187 187 479 479 980
add_line 0 19 67 187 187 187 479 980
add_line 0 19 67 187 187 187 623 623 623 980
add_line 0 19 67 187 187 187 623 623 980
add_line 0 19 67 187 187 187 623 980
add_line 0 19 67 187 187 187 980
add_line 0 19 67 187 187 318 318 318 527 980
add_line 0 19 67 187 187 318 318 318 980
add_line 0 19 67 187 187 318 318 527 980
add_line 0 19 67 187 187 318 318 980
add_line 0 19 67 187 187 318 527 527 527 980
add_line 0 19 67 187 187 318 527 527 980
add_line 0 19 67 187 187 318 527 980
add_line 0 19 67 187 187 318 980
add_line 0 19 67 187 187 536 536 536 980
add_line 0 19 67 187 187 536 536 980
add_line 0 19 67 187 187 536 980
add_line 0 19 67 187 187 980
add_line 0 19 67 187 367 367 367 367 367 606 980
add_line 0 19 67 187 367 367 367 367 367 980
add_line 0 19 67 187 367 367 367 367 606 980
add_line 0 19 67 187 367 367 367 367 980
add_line 0 19 67 187 367 367 367 606 606 606 980
add_line 0 19 67 187 367 367 367 606 606 980
add_line 0 19 67 187 367 367 367 606 980
add_line 0 19 67 187 367 367 367 980
add_line 0 19 67 187 367 367 606 606 606 980
add_line 0 19 67 187 367 367 606 606 980
add_line 0 19 67 187 367 367 606 980
add_line 0 19 67 187 367 367 980
add_line 0 19 67 187 367 637 637 637 637 637 980
add_line 0 19 67 187 367 637 637 637 637 980
add_line 0 19 67 187 367 637 637 637 980
add_line 0 19 67 187 367 637 637 980
add_line 0 19 67 187 367 637 980
add_line 0 19 67 187 367 980
add_line 0 19 67 187 487 487 487 487 487 980
add_line 0 19 67 187 487 487 487 487 980
add_line 0 19 67 187 487 487 487 980
add_line 0 19 67 187 487 487 980
add_line 0 19 67 187 487 980
add_line 0 19 67 67 126 126 126 220 446 980
add_line 0 19 67 67 126 126 126 220 647 980
add_line 0 19 67 67 126 126 126 220 980
add_line 0 19 67 67 126 126 126 362 980
add_line 0 19 67 67 126 126 126 597 980
add_line 0 19 67 67 126 126 126 980
add_line 0 19 67 67 126 126 220 446 980
add_line 0 19 67 67 126 126 220 647 980
add_line 0 19 67 67 126 126 220 980
add_line 0 19 67 67 126 126 362 980
add_line 0 19 67 67 126 126 597 980
add_line 0 19 67 67 126 126 980
add_line 0 19 67 67 126 220 220 220 371 980
add_line 0 19 67 67 126 220 220 220 596 980
add_line 0 19 67 67 126 220 220 220 980
add_line 0 19 67 67 126 220 220 346 980
add_line 0 19 67 67 126 220 220 980
add_line 0 19 67 67 126 220 371 371 371 612 980
add_line 0 19 67 67 126 220 371 371 371 980
add_line 0 19 67 67 126 220 371 371 612 980
add_line 0 19 67 67 126 220 371 371 980
add_line 0 19 67 67 126 220 371 612 612 612 980
add_line 0 19 67 67 126 220 371 612 612 980
add_line 0 19 67 67 126 220 371 612 980
add_line 0 19 67 67 126 220 371 980
add_line 0 19 67 67 126 220 546 546 546 980
add_line 0 19 67 67 126 220 546 546 980
add_line 0 19 67 67 126 220 546 980
add_line 0 19 67 67 126 220 980
add_line 0 19 67 67 126 330 330 330 547 980
add_line 0 19 67 67 126 330 330 330 980
add_line 0 19 67 67 126 330 330 510 980
add_line 0 19 67 67 126 330 330 980
add_line 0 19 67 67 126 330 547 547 547 980
add_line 0 19 67 67 126 330 547 547 980
add_line 0 19 67 67 126 330 547 980
add_line 0 19 67 67 126 330 980
add_line 0 19 67 67 126 980
add_line 0 19 67 67 198 198 198 335 980
add_line 0 19 67 67 198 198 198 542 980
add_line 0 19 67 67 198 198 198 980
add_line 0 19 67 67 198 198 335 980
add_line 0 19 67 67 198 198 542 980
add_line 0 19 67 67 198 198 980
add_line 0 19 67 67 198 335 335 335 555 980
add_line 0 19 67 67 198 335 335 335 980
add_line 0 19 67 67 198 335 335 518 980
add_line 0 19 67 67 198 335 335 980
add_line 0 19 67 67 198 335 555 555 555 980
add_line 0 19 67 67 198 335 555 555 980
add_line 0 19 67 67 198 335 555 980
add_line 0 19 67 67 198 335 980
add_line 0 19 67 67 198 496 496 496 980
add_line 0 19 67 67 198 496 496 980
add_line 0 19 67 67 198 496 980
add_line 0 19 67 67 198 980
add_line 0 19 67 67 263 263 263 439 980
add_line 0 19 67 67 263 263 263 980
add_line 0 19 67 67 263 263 439 980
add_line 0 19 67 67 263 263 980
add_line 0 19 67 67 263 459 459 459 980
add_line 0 19 67 67 263 459 459 980
add_line 0 19 67 67 263 459 980
add_line 0 19 67 67 263 645 645 645 980
add_line 0 19 67 67 263 645 645 980
add_line 0 19 67 67 263 645 980
add_line 0 19 67 67 263 980
add_line 0 19 67 67 361 361 361 596 980
add_line 0 19 67 67 361 361 361 980
add_line 0 19 67 67 361 361 596 980
add_line 0 19 67 67 361 361 980
add_line 0 19 67 67 361 655 655 655 980
add_line 0 19 67 67 361 655 655 980
add_line 0 19 67 67 361 655 980
add_line 0 19 67 67 361 980
add_line 0 19 67 67 67 126 126 126 220 446 980
add_line 0 19 67 67 67 126 126 126 220 647 980
add_line 0 19 67 67 67 126 126 126 220 980
add_line 0 19 67 67 67 126 126 126 362 980
add_line 0 19 67 67 67 126 126 126 597 980
add_line 0 19 67 67 67 126 126 126 980
add_line 0 19 67 67 67 126 126 204 416 980
add_line 0 19 67 67 67 126 126 204 604 980
add_line 0 19 67 67 67 126 126 204 980
add_line 0 19 67 67 67 126 126 518 980
add_line 0 19 67 67 67 126 126 980
add_line 0 19 67 67 67 126 220 220 220 371 980
add_line 0 19 67 67 67 126 220 220 220 596 980
add_line 0 19 67 67 67 126 220 220 220 980
add_line 0 19 67 67 67 126 220 220 371 980
add_line 0 19 67 67 67 126 220 220 596 980
add_line 0 19 67 67 67 126 220 220 980
add_line 0 19 67 67 67 126 220 371 371 371 612 980
add_line 0 19 67 67 67 126 220 371 371 371 980
add_line 0 19 67 67 67 126 220 371 371 572 980
add_line 0 19 67 67 67 126 220 371 371 980
add_line 0 19 67 67 67 126 220 371 612 612 612 980
add_line 0 19 67 67 67 126 220 371 612 612 980
add_line 0 19 67 67 67 126 220 371 612 980
add_line 0 19 67 67 67 126 220 371 980
add_line 0 19 67 67 67 126 220 546 546 546 980
add_line 0 19 67 67 67 126 220 546 546 980
add_line 0 19 67 67 67 126 220 546 980
add_line 0 19 67 67 67 126 220 980
add_line 0 19 67 67 67 126 330 330 330 547 980
add_line 0 19 67 67 67 126 330 330 330 980
add_line 0 19 67 67 67 126 330 330 547 980
add_line 0 19 67 67 67 126 330 330 980
add_line 0 19 67 67 67 126 330 547 547 547 980
add_line 0 19 67 67 67 126 330 547 547 980
add_line 0 19 67 67 67 126 330 547 980
add_line 0 19 67 67 67 126 330 980
add_line 0 19 67 67 67 126 980
add_line 0 19 67 67 67 198 198 198 335 980
add_line 0 19 67 67 67 198 198 198 542 980
add_line 0 19 67 67 67 198 198 198 980
add_line 0 19 67 67 67 198 198 312 621 980
add_line 0 19 67 67 67 198 198 312 980
add_line 0 19 67 67 67 198 198 980
add_line 0 19 67 67 67 198 335 335 335 555 980
add_line 0 19 67 67 67 198 335 335 335 980
add_line 0 19 67 67 67 198 335 335 555 980
add_line 0 19 67 67 67 198 335 335 980
add_line 0 19 67 67 67 198 335 555 555 555 980
add_line 0 19 67 67 67 198 335 555 555 980
add_line 0 19 67 67 67 198 335 555 980
add_line 0 19 67 67 67 198 335 980
add_line 0 19 67 67 67 198 496 496 496 980
add_line 0 19 67 67 67 198 496 496 980
add_line 0 19 67 67 67 198 496 980
add_line 0 19 67 67 67 198 980
add_line 0 19 67 67 67 263 263 263 439 980
add_line 0 19 67 67 67 263 263 263 980
add_line 0 19 67 67 67 263 263 410 980
add_line 0 19 67 67 67 263 263 980
add_line 0 19 67 67 67 263 459 459 459 980
add_line 0 19 67 67 67 263 459 459 980
add_line 0 19 67 67 67 263 459 980
add_line 0 19 67 67 67 263 645 645 645 980
add_line 0 19 67 67 67 263 645 645 980
add_line 0 19 67 67 67 263 645 980
add_line 0 19 67 67 67 263 980
add_line 0 19 67 67 67 361 361 361 596 980
add_line 0 19 67 67 67 361 361 361 980
add_line 0 19 67 67 67 361 361 557 980
add_line 0 19 67 67 67 361 361 980
add_line 0 19 67 67 67 361 655 655 655 980
add_line 0 19 67 67 67 361 655 655 980
add_line 0 19 67 67 67 361 655 980
add_line 0 19 67 67 67 361 980
add_line 0 19 67 67 67 67 126 267 535 980
add_line 0 19 67 67 67 67 126 267 980
add_line 0 19 67 67 67 67 126 393 980
add_line 0 19 67 67 67 67 126 980
add_line 0 19 67 67 67 67 214 434 980
add_line 0 19 67 67 67 67 214 630 980
add_line 0 19 67 67 67 67 214 980
add_line 0 19 67 67 67 67 361 980
add_line 0 19 67 67 67 67 67 126 267 535 980
add_line 0 19 67 67 67 67 67 126 267 980
add_line 0 19 67 67 67 67 67 126 393 980
add_line 0 19 67 67 67 67 67 126 980
add_line 0 19 67 67 67 67 67 214 434 980
add_line 0 19 67 67 67 67 67 214 630 980
add_line 0 19 67 67 67 67 67 214 980
add_line 0 19 67 67 67 67 67 361 980
add_line 0 19 67 67 67 67 67 980
add_line 0 19 67 67 67 67 980
add_line 0 19 67 67 67 980
add_line 0 19 67 67 980
build_tree 
skip_if_done "Saves\2022-06-13_23-26-09_template0/KsTh9d.cfr" next
go 600 seconds
wait_for_solver 
dump_tree "Saves\2022-06-13_23-26-09_template0/KsTh9d.cfr" no_rivers
LABEL: next
echo  "1 out of 1 done"
solver_time 
echo "Script has completed. You can close this window. Result files are in Saves\2022-06-13_23-26-09_template0 directory"