set_algorithm original_pio
set_threads 24
set_accuracy 2.850000
set_range OOP 0 0 0 0 0 0 0 0 0 0 0 0 0 0 0 0 0 0 0 0 0 0 0 0 0 0 0 0 1 0 0 0 1 0 0 0 0 1 0 0 0 1 0 0 0 0 0 1 0 0 0 1 0 0 0 0 0 0 1 0 0 0 1 0 0 0 1 0 0 0 1 0 0 0 1 0 0 0 0 1 0 0 0 1 0 0 0 1 0 0 0 0 0 1 0 0 0 1 0 0 0 1 0 0 0 0 0 0 1 0 0 0 1 0 0 0 1 0 0 0 0 0 0 0 1 0 0 0 1 0 0 0 1 0 0 0 0 0 0 0 0 1 0 0 0 1 0 0 0 1 0 0 0 0 0 0 0 0 0 1 0 0 0 1 0 0 0 1 0 0 0 0 0 0 0 0 0 0 1 0 0 0 1 0 0 0 1 0 0 0 0 0 0 0 1 0 0 0 1 0 0 0 1 0 0 0 0 0 0 0 0 0 0 0 0 1 0 0 0 1 0 0 0 1 0 0 0 0 0 0 0 0 0 0 0 0 0 1 0 0 0 1 0 0 0 1 0 0 0 0 0 0 0 0 0 0 0 0 0 0 1 0 0 0 1 0 0 0 1 0 0 0 0 0 0 0 0 0 0 0 0 0 0 0 0 0 0 0 0 0 0 0 0 0 0 0 0 0 0 0 0 0 0 0 0 0 0 0 0 0 0 0 0 0 0 0 0 0 0 0 0 0 0 0 0 0 0 0 0 0 0 0 0 0 0 0 0 0 0 0 0 0 0 0 0 0 0 0 0 0 0 0 0 0 0 0 0 0 0 0 0 0 0 0 0 0 0 0 0 0 0 0 0 0 0 0 0 0 0 0 0 0 0 0 0 0 0 0 0 0 0 0 0 0 0 0 0 0 0 0 0 0 0 0 0 0 0 0 0 0 0 0 0 0 0 0 0 0 0 0 0 0 0 0 0 0 0 0 0 0 0 0 0 0 0 0 0 0 0 0 0 0 0 0 0 0 0 0 0 0 0 0 0 0 0 0 0 0 0 0 0 0 0 0 0 0 0 0 0 0 0 0 0 0 0 0 0 0 0 0 0 0 0 0 0 0 0 0 0 0 0 0 0 0 0 0 0 0 0 0 0 0 0 0 0 0 0 0 0 0 0 0 0 0 0 0 0 0 0 0 0 0 0 0 0 0 0 0 0 0 0 0 0 0 0 0 0 0 0 0 0 0 0 0 0 0 0 0 0 0 0 0 0 0 0 0 0 0 0 0 0 0 0 0 0 0 0 0 0 0 0 0 0 0 0 0 0 0 0 0 0 0 0 0 0 0 0 0 0 0 0 0 0 0 0 0 0 0 0 0 0 0 0 0 0 0 0 0 0 0 0 0 0 0 0 0 0 0 0 0 0 0 0 0 0 0 0 0 0 0 0 0 0 0 0 0 0 0 0 0 0 0 0 0 0 0 0 0 0 0 0 0 0 0 0 0 0 0 0 0 0 0 0 0 0 0 0 0 0 0 0 0 0 0 0 0 0 0 0 0 0 0 0 0 0 0 0 0 0 0 0 0 0 0 0 0 0 0 0 0 0 0 0 0 0 0 0 0 0 0 0 0 0 0 0 0 0 0 0 0 0 0 0 0 0 0 0 0 0 0 0 0 0 0 0 0 0 0 0 0 0 0 0 0 0 0 0 0 0 0 0 0 0 0 0 0 0 0 0 0 0 0 0 0 0 0 0 0 0 0 0 0 0 0 0 0 0 0 0 0 0 0 0 0 0 0 0 0 0 0 0 0 0 0 0 0 0 0 0 0 0 1 1 1 0 0 0 0 0 0 0 0 0 0 0 0 0 0 0 0 0 0 0 0 0 0 0 0 0 0 0 0 0 0 0 0 0 0 0 0 1 0 1 1 0 0 0 0 0 0 0 0 0 0 0 0 0 0 0 0 0 0 0 0 0 0 0 0 0 0 0 0 0 0 0 0 0 0 0 0 0 1 1 0 1 0 0 0 0 0 0 0 0 0 0 0 0 0 0 0 0 0 0 0 0 0 0 0 0 0 0 0 0 0 0 0 0 0 0 0 0 0 0 1 1 1 0 0 0 0 0 0 0 0 0 0 0 0 0 0 0 0 0 0 0 0 0 0 0 0 0 0 0 0 0 0 0 0 0 0 0 0 0 0 0 0 0 1 1 1 0 0 0 0 0 0 0 0 0 0 0 0 0 0 0 0 0 0 0 0 0 0 0 0 0 0 0 0 0 0 0 0 0 0 0 0 0 0 0 0 1 0 1 1 0 0 0 0 0 0 0 0 0 0 0 0 0 0 0 0 0 0 0 0 0 0 0 0 0 0 0 0 0 0 0 0 0 0 0 0 0 0 0 0 0 1 1 0 1 0 0 0 0 0 0 0 0 0 0 0 0 0 0 0 0 0 0 0 0 0 0 0 0 0 0 0 0 0 0 0 0 0 0 0 0 0 0 0 0 0 0 1 1 1 0 0 0 0 0 0 0 0 0 0 0 0 0 0 0 0 0 0 0 0 0 0 0 0 0 0 0 0 0 0 0 0 0 0 0 0 0 0 0 0 0 0 0 0 0 1 1 1 0 0 0 0 0 0 0 0 0 0 0 0 0 0 0 0 0 0 0 0 0 0 0 0 0 0 0 0 0 0 0 0 0 0 0 0 0 0 0 0 0 0 0 0 1 0 1 1 0 0 0 0 0 0 0 0 0 0 0 0 0 0 0 0 0 0 0 0 0 0 0 0 0 0 0 0 0 0 0 0 0 0 0 0 0 0 0 0 0 0 0 0 0 1 1 0 1 0 0 0 0 0 0 0 0 0 0 0 0 0 0 0 0 0 0 0 0 0 0 0 0 0 0 0 0 0 0 0 0 0 0 0 0 0 0 0 0 0 0 0 0 0 0 1 1 1 0 0 0 0 0 0 0 0 0 0 0 0 0 0 0 0 0 0 0 0 0 0 0 0 0 0 0 0
set_range IP 0 0 0 0 0 0 0 0 0 0 0 0 0 0 0 0 0 0 0 0 0 0 0 0 0 0 0 0 0 0 0 0 0 0 0 0 0 0 0 0 0 0 0 0 0 0 0 0 0 0 0 0 0 0 0 0 0 0 0 0 0 0 0 0 0 0 0 0 0 0 0 0 0 0 0 0 0 0 0 0 0 0 0 0 0 0 0 0 0 0 0 0 0 0 0 0 0 0 0 0 0 0 0 0 0 0 0 0 0 0 0 0 0 0 0 0 0 0 0 0 0 0 0 0 0 0 0 0 0 0 0 0 0 0 0 0 0 0 0 0 0 0 0 0 0 0 0 0 0 0 0 0 0 0 0 0 0 0 0 0 0 0 0 0 0 0 0 0 0 0 0 0 0 0 0 0 0 0 0 0 0 0 0 0 0 0 0 0 0 0 0 0 0 0 0 0 0 0 0 0 0 0 0 0 0 0 0 0 0 0 0 0 0 0 0 0 0 0 0 0 0 0 0 0 0 0 0 0 0 0 0 0 0 0 0 0 0 0 0 0 0 0 0 0 0 0 0 0 0 0 0 0 0 0 0 0 0 0 0 0 0 0 0 0 0 0 0 0 0 0 0 0 0 0 0 0 0 0 0 0 0 0 0 0 0 0 0 0 0 0 0 0 0 0 0 0 0 0 0 0 0 0 0 0 0 0 0 0 0 0 0 0 0 0 0 0 0 0 0 0 0 0 0 0 1 0 0 0 0 0 0 0 0 0 0 0 0 0 0 0 0 0 0 0 0 0 0 0 0 1 1 0 0 0 0 0 0 0 0 0 0 0 0 0 0 0 0 0 0 0 0 0 0 0 0 1 1 1 0 0 0 0 0 0 0 0 0 0 0 0 0 0 0 0 0 0 0 0 0 0 0 0 0 0 0 0 0 0 0 0 0 0 0 0 0 0 0 0 0 0 0 0 0 0 0 0 0 0 0 0 0 0 0 0 1 0 0 0 0 0 0 0 0 0 0 0 0 0 0 0 0 0 0 0 0 0 0 0 0 0 0 0 0 1 1 0 0 0 0 0 0 0 0 0 0 0 0 0 0 0 0 0 0 0 0 0 0 0 0 0 0 0 0 1 1 1 0 0 0 0 0 0 0 0 0 0 0 0 0 0 0 0 0 0 0 0 0 0 0 0 0 0 0 0 0 0 0 0 0 0 0 0 0 0 0 0 0 0 0 0 0 0 0 0 0 0 0 0 0 0 0 0 0 0 0 0 0 0 0 0 1 0 0 0 0 0 0 0 0 0 0 0 0 0 0 0 0 0 0 0 0 0 0 0 0 0 0 0 0 0 0 0 0 1 1 0 0 0 0 0 0 0 0 0 0 0 0 0 0 0 0 0 0 0 0 0 0 0 0 0 0 0 0 0 0 0 0 1 1 1 0 0 0 0 0 0 0 0 0 0 0 0 0 0 0 0 0 0 0 0 0 0 0 0 0 0 0 0 0 0 0 0 0 0 0 0 0 0 0 0 0 0 0 0 0 0 0 0 0 0 0 0 0 0 0 0 0 0 0 0 0 0 0 0 0 0 0 0 0 0 0 0 1 0 0 0 0 0 0 0 0 0 0 0 0 0 0 0 0 0 0 0 0 0 0 0 0 0 0 0 0 0 0 0 0 0 0 0 0 1 1 0 0 0 0 0 0 0 0 0 0 0 0 0 0 0 0 0 0 0 0 0 0 0 0 0 0 0 0 0 0 0 0 0 0 0 0 1 1 1 0 0 0 0 0 0 0 0 0 0 0 0 0 0 0 0 0 0 0 0 0 0 0 0 0 0 0 0 0 0 0 0 0 0 0 0 0 0 0 0 0 0 0 0 0 0 0 0 0 0 0 0 0 0 0 0 0 0 0 0 0 0 0 0 0 0 0 0 0 0 0 0 0 0 0 0 0 0 0 0 1 0 0 0 0 0 0 0 0 0 0 0 0 0 0 0 0 0 0 0 0 0 0 0 0 0 0 0 0 0 0 0 0 0 0 0 0 0 0 0 0 1 1 0 0 0 0 0 0 0 0 0 0 0 0 0 0 0 0 0 0 0 0 0 0 0 0 0 0 0 0 0 0 0 0 0 0 0 0 0 0 0 0 1 1 1 0 0 0 0 0 0 0 0 0 0 0 0 0 0 0 0 0 0 0 0 0 0 0 0 0 0 0 0 0 0 0 0 0 0 0 0 0 0 0 0 1 0 0 0 0 0 0 0 0 0 0 0 0 0 0 0 0 0 0 0 0 0 0 0 0 0 0 0 0 0 0 0 0 0 0 0 0 0 0 0 0 0 0 0 0 1 0 0 1 0 0 0 0 0 0 0 0 0 0 0 0 0 0 0 0 0 0 0 0 0 0 0 0 0 0 0 0 0 0 0 0 0 0 0 0 0 0 0 0 0 0 1 0 1 1 0 0 0 0 0 0 0 0 0 0 0 0 0 0 0 0 0 0 0 0 0 0 0 0 0 0 0 0 0 0 0 0 0 0 0 0 0 0 0 0 0 0 0 1 1 1 1 0 0 0 0 0 0 0 0 0 0 0 0 0 0 0 0 0 0 0 0 0 0 0 0 0 0 0 0 0 0 0 0 0 0 0 0 1 0 0 0 1 1 1 1 1 1 1 1 0 0 0 0 0 0 0 0 0 0 0 0 0 0 0 0 0 0 0 0 0 0 0 0 0 0 0 0 0 0 0 0 0 0 0 0 0 1 0 0 1 1 1 1 1 1 1 1 1 0 0 0 0 0 0 0 0 0 0 0 0 0 0 0 0 0 0 0 0 0 0 0 0 0 0 0 0 0 0 0 0 0 0 0 0 0 0 1 0 1 1 1 1 1 1 1 1 1 1 0 0 0 0 0 0 0 0 0 0 0 0 0 0 0 0 0 0 0 0 0 0 0 0 0 0 0 0 0 0 0 0 0 0 0 0 0 0 0 1 1 1 1 1 1 1 1 1 1 1 1
set_board 2c2h2d
set_eff_stack 3790
set_isomorphism 1 0
set_pot 0 0 570
clear_lines 
add_line 0 0 0 0 0 171 3790
add_line 0 0 0 0 0 171 581 1360 3790
add_line 0 0 0 0 0 171 581 2053 3790
add_line 0 0 0 0 0 171 581 3790
add_line 0 0 0 0 0 171 946 2054 3790
add_line 0 0 0 0 0 171 946 3790
add_line 0 0 0 0 0 382 1516 3790
add_line 0 0 0 0 0 382 3790
add_line 0 0 0 0 0 382 982 2122 3790
add_line 0 0 0 0 0 382 982 3790
add_line 0 0 0 0 0 741 1664 3790
add_line 0 0 0 0 0 741 2485 3790
add_line 0 0 0 0 0 741 3790
add_line 0 0 0 0 171 3790
add_line 0 0 0 0 171 581 1360 3790
add_line 0 0 0 0 171 581 2053 3790
add_line 0 0 0 0 171 581 3790
add_line 0 0 0 0 171 946 2054 3790
add_line 0 0 0 0 171 946 3790
add_line 0 0 0 0 382 1516 3790
add_line 0 0 0 0 382 3790
add_line 0 0 0 0 382 982 2122 3790
add_line 0 0 0 0 382 982 3790
add_line 0 0 0 0 741 1664 3790
add_line 0 0 0 0 741 2485 3790
add_line 0 0 0 0 741 3790
add_line 0 0 0 171 1083 1083 1083 1904 3790
add_line 0 0 0 171 1083 1083 1083 3790
add_line 0 0 0 171 1083 1083 1904 3790
add_line 0 0 0 171 1083 1083 3790
add_line 0 0 0 171 1083 1995 1995 1995 3790
add_line 0 0 0 171 1083 1995 1995 3790
add_line 0 0 0 171 1083 1995 3790
add_line 0 0 0 171 1083 2451 2451 2451 3790
add_line 0 0 0 171 1083 2451 2451 3790
add_line 0 0 0 171 1083 2451 3790
add_line 0 0 0 171 1083 3790
add_line 0 0 0 171 171 1083 2314 3790
add_line 0 0 0 171 171 1083 3790
add_line 0 0 0 171 171 171 1357 3790
add_line 0 0 0 171 171 171 3790
add_line 0 0 0 171 171 171 445 1102 2350 3790
add_line 0 0 0 171 171 171 445 1102 3790
add_line 0 0 0 171 171 171 445 1686 3790
add_line 0 0 0 171 171 171 445 3790
add_line 0 0 0 171 171 171 782 1742 3790
add_line 0 0 0 171 171 171 782 3790
add_line 0 0 0 171 171 3790
add_line 0 0 0 171 171 463 1136 2415 3790
add_line 0 0 0 171 171 463 1136 3790
add_line 0 0 0 171 171 463 1735 3790
add_line 0 0 0 171 171 463 3790
add_line 0 0 0 171 3790
add_line 0 0 0 171 399 1083 1083 1083 1904 3790
add_line 0 0 0 171 399 1083 1083 1083 3790
add_line 0 0 0 171 399 1083 1083 1959 3790
add_line 0 0 0 171 399 1083 1083 3790
add_line 0 0 0 171 399 1083 1767 1767 1767 3790
add_line 0 0 0 171 399 1083 1767 1767 3790
add_line 0 0 0 171 399 1083 1767 3790
add_line 0 0 0 171 399 1083 2451 2451 2451 3790
add_line 0 0 0 171 399 1083 2451 2451 3790
add_line 0 0 0 171 399 1083 2451 3790
add_line 0 0 0 171 399 1083 3790
add_line 0 0 0 171 399 1767 1767 1767 3790
add_line 0 0 0 171 399 1767 1767 3790
add_line 0 0 0 171 399 1767 3790
add_line 0 0 0 171 399 3790
add_line 0 0 0 171 399 399 1316 3790
add_line 0 0 0 171 399 399 2177 3790
add_line 0 0 0 171 399 399 3790
add_line 0 0 0 171 399 399 399 1316 3790
add_line 0 0 0 171 399 399 399 2177 3790
add_line 0 0 0 171 399 399 399 3790
add_line 0 0 0 171 399 399 399 809 1794 3790
add_line 0 0 0 171 399 399 399 809 3790
add_line 0 0 0 171 399 399 809 1794 3790
add_line 0 0 0 171 399 399 809 3790
add_line 0 0 0 171 399 741 1254 1254 1254 2177 3790
add_line 0 0 0 171 399 741 1254 1254 1254 3790
add_line 0 0 0 171 399 741 1254 1254 2177 3790
add_line 0 0 0 171 399 741 1254 1254 3790
add_line 0 0 0 171 399 741 1254 2024 2024 2024 3790
add_line 0 0 0 171 399 741 1254 2024 2024 3790
add_line 0 0 0 171 399 741 1254 2024 3790
add_line 0 0 0 171 399 741 1254 3790
add_line 0 0 0 171 399 741 1767 1767 1767 3790
add_line 0 0 0 171 399 741 1767 1767 3790
add_line 0 0 0 171 399 741 1767 3790
add_line 0 0 0 171 399 741 3790
add_line 0 0 0 171 399 741 741 1398 3790
add_line 0 0 0 171 399 741 741 3790
add_line 0 0 0 171 399 741 741 741 1357 3790
add_line 0 0 0 171 399 741 741 741 2116 3790
add_line 0 0 0 171 399 741 741 741 3790
add_line 0 0 0 171 627 1083 1083 1083 1904 3790
add_line 0 0 0 171 627 1083 1083 1083 3790
add_line 0 0 0 171 627 1083 1083 1959 3790
add_line 0 0 0 171 627 1083 1083 3790
add_line 0 0 0 171 627 1083 1767 1767 1767 3790
add_line 0 0 0 171 627 1083 1767 1767 3790
add_line 0 0 0 171 627 1083 1767 3790
add_line 0 0 0 171 627 1083 2451 2451 2451 3790
add_line 0 0 0 171 627 1083 2451 2451 3790
add_line 0 0 0 171 627 1083 2451 3790
add_line 0 0 0 171 627 1083 3790
add_line 0 0 0 171 627 1539 1539 1539 3790
add_line 0 0 0 171 627 1539 1539 3790
add_line 0 0 0 171 627 1539 2451 2451 2451 3790
add_line 0 0 0 171 627 1539 2451 2451 3790
add_line 0 0 0 171 627 1539 2451 3790
add_line 0 0 0 171 627 1539 3790
add_line 0 0 0 171 627 2451 2451 2451 3790
add_line 0 0 0 171 627 2451 2451 3790
add_line 0 0 0 171 627 2451 3790
add_line 0 0 0 171 627 3790
add_line 0 0 0 171 627 627 1174 2487 3790
add_line 0 0 0 171 627 627 1174 3790
add_line 0 0 0 171 627 627 1849 3790
add_line 0 0 0 171 627 627 3790
add_line 0 0 0 171 627 627 627 1174 2487 3790
add_line 0 0 0 171 627 627 627 1174 3790
add_line 0 0 0 171 627 627 627 1849 3790
add_line 0 0 0 171 627 627 627 3790
add_line 0 0 0 382 1049 1049 1049 1849 3790
add_line 0 0 0 382 1049 1049 1049 3790
add_line 0 0 0 382 1049 1049 1849 3790
add_line 0 0 0 382 1049 1049 3790
add_line 0 0 0 382 1049 1716 1716 1716 3790
add_line 0 0 0 382 1049 1716 1716 3790
add_line 0 0 0 382 1049 1716 3790
add_line 0 0 0 382 1049 2383 2383 2383 3790
add_line 0 0 0 382 1049 2383 2383 3790
add_line 0 0 0 382 1049 2383 3790
add_line 0 0 0 382 1049 3790
add_line 0 0 0 382 1716 1716 1716 3790
add_line 0 0 0 382 1716 1716 3790
add_line 0 0 0 382 1716 3790
add_line 0 0 0 382 3790
add_line 0 0 0 382 382 1716 3790
add_line 0 0 0 382 382 3790
add_line 0 0 0 382 382 382 1276 3790
add_line 0 0 0 382 382 382 2116 3790
add_line 0 0 0 382 382 382 3790
add_line 0 0 0 382 382 382 782 1742 3790
add_line 0 0 0 382 382 382 782 3790
add_line 0 0 0 382 382 809 1794 3790
add_line 0 0 0 382 382 809 3790
add_line 0 0 0 382 764 1288 1288 1288 2232 3790
add_line 0 0 0 382 764 1288 1288 1288 3790
add_line 0 0 0 382 764 1288 1288 2295 3790
add_line 0 0 0 382 764 1288 1288 3790
add_line 0 0 0 382 764 1288 2074 2074 2074 3790
add_line 0 0 0 382 764 1288 2074 2074 3790
add_line 0 0 0 382 764 1288 2074 3790
add_line 0 0 0 382 764 1288 3790
add_line 0 0 0 382 764 1813 1813 1813 3790
add_line 0 0 0 382 764 1813 1813 3790
add_line 0 0 0 382 764 1813 3790
add_line 0 0 0 382 764 3790
add_line 0 0 0 382 764 764 1393 3790
add_line 0 0 0 382 764 764 2170 3790
add_line 0 0 0 382 764 764 3790
add_line 0 0 0 382 764 764 764 1393 3790
add_line 0 0 0 382 764 764 764 2170 3790
add_line 0 0 0 382 764 764 764 3790
add_line 0 0 0 741 1482 1482 1482 3790
add_line 0 0 0 741 1482 1482 3790
add_line 0 0 0 741 1482 2366 2366 2366 3790
add_line 0 0 0 741 1482 2366 2366 3790
add_line 0 0 0 741 1482 2366 3790
add_line 0 0 0 741 1482 3790
add_line 0 0 0 741 1767 1767 1767 3790
add_line 0 0 0 741 1767 1767 3790
add_line 0 0 0 741 1767 3790
add_line 0 0 0 741 3790
add_line 0 0 0 741 741 1398 3790
add_line 0 0 0 741 741 3790
add_line 0 0 0 741 741 741 1357 3790
add_line 0 0 0 741 741 741 2116 3790
add_line 0 0 0 741 741 741 3790
add_line 0 0 171 1083 1083 1083 1904 3790
add_line 0 0 171 1083 1083 1083 3790
add_line 0 0 171 1083 1083 1959 3790
add_line 0 0 171 1083 1083 3790
add_line 0 0 171 1083 1995 1995 1995 3790
add_line 0 0 171 1083 1995 1995 3790
add_line 0 0 171 1083 1995 3790
add_line 0 0 171 1083 2451 2451 2451 3790
add_line 0 0 171 1083 2451 2451 3790
add_line 0 0 171 1083 2451 3790
add_line 0 0 171 1083 3790
add_line 0 0 171 171 1357 3790
add_line 0 0 171 171 171 1357 3790
add_line 0 0 171 171 171 3790
add_line 0 0 171 171 171 445 1102 2350 3790
add_line 0 0 171 171 171 445 1102 3790
add_line 0 0 171 171 171 445 1686 3790
add_line 0 0 171 171 171 445 3790
add_line 0 0 171 171 171 782 1742 3790
add_line 0 0 171 171 171 782 3790
add_line 0 0 171 171 3790
add_line 0 0 171 171 445 1102 2350 3790
add_line 0 0 171 171 445 1102 3790
add_line 0 0 171 171 445 1686 3790
add_line 0 0 171 171 445 3790
add_line 0 0 171 171 782 1742 3790
add_line 0 0 171 171 782 3790
add_line 0 0 171 3790
add_line 0 0 171 399 1083 1083 1083 1904 3790
add_line 0 0 171 399 1083 1083 1083 3790
add_line 0 0 171 399 1083 1083 1904 3790
add_line 0 0 171 399 1083 1083 3790
add_line 0 0 171 399 1083 1767 1767 1767 3790
add_line 0 0 171 399 1083 1767 1767 3790
add_line 0 0 171 399 1083 1767 3790
add_line 0 0 171 399 1083 2451 2451 2451 3790
add_line 0 0 171 399 1083 2451 2451 3790
add_line 0 0 171 399 1083 2451 3790
add_line 0 0 171 399 1083 3790
add_line 0 0 171 399 1767 1767 1767 3790
add_line 0 0 171 399 1767 1767 3790
add_line 0 0 171 399 1767 3790
add_line 0 0 171 399 3790
add_line 0 0 171 399 399 1767 3790
add_line 0 0 171 399 399 3790
add_line 0 0 171 399 399 399 1316 3790
add_line 0 0 171 399 399 399 2177 3790
add_line 0 0 171 399 399 399 3790
add_line 0 0 171 399 399 399 809 1794 3790
add_line 0 0 171 399 399 399 809 3790
add_line 0 0 171 399 399 837 1847 3790
add_line 0 0 171 399 399 837 3790
add_line 0 0 171 399 741 1254 1254 1254 2177 3790
add_line 0 0 171 399 741 1254 1254 1254 3790
add_line 0 0 171 399 741 1254 1254 2239 3790
add_line 0 0 171 399 741 1254 1254 3790
add_line 0 0 171 399 741 1254 2024 2024 2024 3790
add_line 0 0 171 399 741 1254 2024 2024 3790
add_line 0 0 171 399 741 1254 2024 3790
add_line 0 0 171 399 741 1254 3790
add_line 0 0 171 399 741 1767 1767 1767 3790
add_line 0 0 171 399 741 1767 1767 3790
add_line 0 0 171 399 741 1767 3790
add_line 0 0 171 399 741 3790
add_line 0 0 171 399 741 741 1357 3790
add_line 0 0 171 399 741 741 2116 3790
add_line 0 0 171 399 741 741 3790
add_line 0 0 171 399 741 741 741 1357 3790
add_line 0 0 171 399 741 741 741 2116 3790
add_line 0 0 171 399 741 741 741 3790
add_line 0 0 171 627 1083 1083 1083 1904 3790
add_line 0 0 171 627 1083 1083 1083 3790
add_line 0 0 171 627 1083 1083 1904 3790
add_line 0 0 171 627 1083 1083 3790
add_line 0 0 171 627 1083 1767 1767 1767 3790
add_line 0 0 171 627 1083 1767 1767 3790
add_line 0 0 171 627 1083 1767 3790
add_line 0 0 171 627 1083 2451 2451 2451 3790
add_line 0 0 171 627 1083 2451 2451 3790
add_line 0 0 171 627 1083 2451 3790
add_line 0 0 171 627 1083 3790
add_line 0 0 171 627 1539 1539 1539 3790
add_line 0 0 171 627 1539 1539 3790
add_line 0 0 171 627 1539 2451 2451 2451 3790
add_line 0 0 171 627 1539 2451 2451 3790
add_line 0 0 171 627 1539 2451 3790
add_line 0 0 171 627 1539 3790
add_line 0 0 171 627 2451 2451 2451 3790
add_line 0 0 171 627 2451 2451 3790
add_line 0 0 171 627 2451 3790
add_line 0 0 171 627 3790
add_line 0 0 171 627 627 1211 3790
add_line 0 0 171 627 627 2451 3790
add_line 0 0 171 627 627 3790
add_line 0 0 171 627 627 627 1174 2487 3790
add_line 0 0 171 627 627 627 1174 3790
add_line 0 0 171 627 627 627 1849 3790
add_line 0 0 171 627 627 627 3790
add_line 0 0 382 1049 1049 1049 1849 3790
add_line 0 0 382 1049 1049 1049 3790
add_line 0 0 382 1049 1049 1903 3790
add_line 0 0 382 1049 1049 3790
add_line 0 0 382 1049 1716 1716 1716 3790
add_line 0 0 382 1049 1716 1716 3790
add_line 0 0 382 1049 1716 3790
add_line 0 0 382 1049 2383 2383 2383 3790
add_line 0 0 382 1049 2383 2383 3790
add_line 0 0 382 1049 2383 3790
add_line 0 0 382 1049 3790
add_line 0 0 382 1716 1716 1716 3790
add_line 0 0 382 1716 1716 3790
add_line 0 0 382 1716 3790
add_line 0 0 382 3790
add_line 0 0 382 382 1276 3790
add_line 0 0 382 382 2116 3790
add_line 0 0 382 382 3790
add_line 0 0 382 382 382 1276 3790
add_line 0 0 382 382 382 2116 3790
add_line 0 0 382 382 382 3790
add_line 0 0 382 382 382 782 1742 3790
add_line 0 0 382 382 382 782 3790
add_line 0 0 382 382 782 1742 3790
add_line 0 0 382 382 782 3790
add_line 0 0 382 764 1288 1288 1288 2232 3790
add_line 0 0 382 764 1288 1288 1288 3790
add_line 0 0 382 764 1288 1288 2232 3790
add_line 0 0 382 764 1288 1288 3790
add_line 0 0 382 764 1288 2074 2074 2074 3790
add_line 0 0 382 764 1288 2074 2074 3790
add_line 0 0 382 764 1288 2074 3790
add_line 0 0 382 764 1288 3790
add_line 0 0 382 764 1813 1813 1813 3790
add_line 0 0 382 764 1813 1813 3790
add_line 0 0 382 764 1813 3790
add_line 0 0 382 764 3790
add_line 0 0 382 764 764 1435 3790
add_line 0 0 382 764 764 3790
add_line 0 0 382 764 764 764 1393 3790
add_line 0 0 382 764 764 764 2170 3790
add_line 0 0 382 764 764 764 3790
add_line 0 0 741 1482 1482 1482 3790
add_line 0 0 741 1482 1482 3790
add_line 0 0 741 1482 2366 2366 2366 3790
add_line 0 0 741 1482 2366 2366 3790
add_line 0 0 741 1482 2366 3790
add_line 0 0 741 1482 3790
add_line 0 0 741 1767 1767 1767 3790
add_line 0 0 741 1767 1767 3790
add_line 0 0 741 1767 3790
add_line 0 0 741 3790
add_line 0 0 741 741 1357 3790
add_line 0 0 741 741 2116 3790
add_line 0 0 741 741 3790
add_line 0 0 741 741 741 1357 3790
add_line 0 0 741 741 741 2116 3790
add_line 0 0 741 741 741 3790
add_line 0 171 171 1083 1083 1083 1904 3790
add_line 0 171 171 1083 1083 1083 3790
add_line 0 171 171 1083 1083 1904 3790
add_line 0 171 171 1083 1083 3790
add_line 0 171 171 1083 1995 1995 1995 3790
add_line 0 171 171 1083 1995 1995 3790
add_line 0 171 171 1083 1995 3790
add_line 0 171 171 1083 2451 2451 2451 3790
add_line 0 171 171 1083 2451 2451 3790
add_line 0 171 171 1083 2451 3790
add_line 0 171 171 1083 3790
add_line 0 171 171 171 1357 1357 1357 2342 3790
add_line 0 171 171 171 1357 1357 1357 3790
add_line 0 171 171 171 1357 1357 2408 3790
add_line 0 171 171 171 1357 1357 3790
add_line 0 171 171 171 1357 3790
add_line 0 171 171 171 171 1357 3790
add_line 0 171 171 171 171 171 1357 3790
add_line 0 171 171 171 171 171 3790
add_line 0 171 171 171 171 171 445 1102 2350 3790
add_line 0 171 171 171 171 171 445 1102 3790
add_line 0 171 171 171 171 171 445 1686 3790
add_line 0 171 171 171 171 171 445 3790
add_line 0 171 171 171 171 171 782 1742 3790
add_line 0 171 171 171 171 171 782 3790
add_line 0 171 171 171 171 3790
add_line 0 171 171 171 171 445 1102 2350 3790
add_line 0 171 171 171 171 445 1102 3790
add_line 0 171 171 171 171 445 1686 3790
add_line 0 171 171 171 171 445 3790
add_line 0 171 171 171 171 782 1742 3790
add_line 0 171 171 171 171 782 3790
add_line 0 171 171 171 3790
add_line 0 171 171 171 445 1175 1175 1175 2051 3790
add_line 0 171 171 171 445 1175 1175 1175 3790
add_line 0 171 171 171 445 1175 1175 2051 3790
add_line 0 171 171 171 445 1175 1175 3790
add_line 0 171 171 171 445 1175 1905 1905 1905 3790
add_line 0 171 171 171 445 1175 1905 1905 3790
add_line 0 171 171 171 445 1175 1905 3790
add_line 0 171 171 171 445 1175 3790
add_line 0 171 171 171 445 1905 1905 1905 3790
add_line 0 171 171 171 445 1905 1905 3790
add_line 0 171 171 171 445 1905 3790
add_line 0 171 171 171 445 3790
add_line 0 171 171 171 445 445 1905 3790
add_line 0 171 171 171 445 445 3790
add_line 0 171 171 171 445 445 445 1423 3790
add_line 0 171 171 171 445 445 445 2343 3790
add_line 0 171 171 171 445 445 445 3790
add_line 0 171 171 171 445 445 445 883 1934 3790
add_line 0 171 171 171 445 445 445 883 3790
add_line 0 171 171 171 445 445 912 1989 3790
add_line 0 171 171 171 445 445 912 3790
add_line 0 171 171 171 445 810 1358 1358 1358 2344 3790
add_line 0 171 171 171 445 810 1358 1358 1358 3790
add_line 0 171 171 171 445 810 1358 1358 2410 3790
add_line 0 171 171 171 445 810 1358 1358 3790
add_line 0 171 171 171 445 810 1358 2180 2180 2180 3790
add_line 0 171 171 171 445 810 1358 2180 2180 3790
add_line 0 171 171 171 445 810 1358 2180 3790
add_line 0 171 171 171 445 810 1358 3790
add_line 0 171 171 171 445 810 1905 1905 1905 3790
add_line 0 171 171 171 445 810 1905 1905 3790
add_line 0 171 171 171 445 810 1905 3790
add_line 0 171 171 171 445 810 3790
add_line 0 171 171 171 445 810 810 1467 3790
add_line 0 171 171 171 445 810 810 2277 3790
add_line 0 171 171 171 445 810 810 3790
add_line 0 171 171 171 445 810 810 810 1467 3790
add_line 0 171 171 171 445 810 810 810 2277 3790
add_line 0 171 171 171 445 810 810 810 3790
add_line 0 171 171 171 782 1393 1393 1393 2400 3790
add_line 0 171 171 171 782 1393 1393 1393 3790
add_line 0 171 171 171 782 1393 1393 2400 3790
add_line 0 171 171 171 782 1393 1393 3790
add_line 0 171 171 171 782 1393 2232 2232 2232 3790
add_line 0 171 171 171 782 1393 2232 2232 3790
add_line 0 171 171 171 782 1393 2232 3790
add_line 0 171 171 171 782 1393 3790
add_line 0 171 171 171 782 1849 1849 1849 3790
add_line 0 171 171 171 782 1849 1849 3790
add_line 0 171 171 171 782 1849 3790
add_line 0 171 171 171 782 3790
add_line 0 171 171 171 782 782 1465 3790
add_line 0 171 171 171 782 782 3790
add_line 0 171 171 171 782 782 782 1422 3790
add_line 0 171 171 171 782 782 782 2212 3790
add_line 0 171 171 171 782 782 782 3790
add_line 0 171 171 3790
add_line 0 171 171 463 1211 1211 1211 2109 3790
add_line 0 171 171 463 1211 1211 1211 3790
add_line 0 171 171 463 1211 1211 2168 3790
add_line 0 171 171 463 1211 1211 3790
add_line 0 171 171 463 1211 1959 1959 1959 3790
add_line 0 171 171 463 1211 1959 1959 3790
add_line 0 171 171 463 1211 1959 3790
add_line 0 171 171 463 1211 3790
add_line 0 171 171 463 1959 1959 1959 3790
add_line 0 171 171 463 1959 1959 3790
add_line 0 171 171 463 1959 3790
add_line 0 171 171 463 3790
add_line 0 171 171 463 463 1465 3790
add_line 0 171 171 463 463 2408 3790
add_line 0 171 171 463 463 3790
add_line 0 171 171 463 463 463 1465 3790
add_line 0 171 171 463 463 463 2408 3790
add_line 0 171 171 463 463 463 3790
add_line 0 171 171 463 463 463 912 1989 3790
add_line 0 171 171 463 463 463 912 3790
add_line 0 171 171 463 463 912 1989 3790
add_line 0 171 171 463 463 912 3790
add_line 0 171 171 463 837 1398 1398 1398 2408 3790
add_line 0 171 171 463 837 1398 1398 1398 3790
add_line 0 171 171 463 837 1398 1398 2408 3790
add_line 0 171 171 463 837 1398 1398 3790
add_line 0 171 171 463 837 1398 2240 2240 2240 3790
add_line 0 171 171 463 837 1398 2240 2240 3790
add_line 0 171 171 463 837 1398 2240 3790
add_line 0 171 171 463 837 1398 3790
add_line 0 171 171 463 837 1959 1959 1959 3790
add_line 0 171 171 463 837 1959 1959 3790
add_line 0 171 171 463 837 1959 3790
add_line 0 171 171 463 837 3790
add_line 0 171 171 463 837 837 1555 3790
add_line 0 171 171 463 837 837 3790
add_line 0 171 171 463 837 837 837 1510 3790
add_line 0 171 171 463 837 837 837 2340 3790
add_line 0 171 171 463 837 837 837 3790
add_line 0 171 427 1067 1067 1067 1067 1067 1878 3790
add_line 0 171 427 1067 1067 1067 1067 1067 3790
add_line 0 171 427 1067 1067 1067 1067 1878 3790
add_line 0 171 427 1067 1067 1067 1067 3790
add_line 0 171 427 1067 1067 1067 1878 1878 1878 3790
add_line 0 171 427 1067 1067 1067 1878 1878 3790
add_line 0 171 427 1067 1067 1067 1878 3790
add_line 0 171 427 1067 1067 1067 3790
add_line 0 171 427 1067 1067 1932 1932 1932 3790
add_line 0 171 427 1067 1067 1932 1932 3790
add_line 0 171 427 1067 1067 1932 3790
add_line 0 171 427 1067 1067 3790
add_line 0 171 427 1067 2027 2027 2027 2027 2027 3790
add_line 0 171 427 1067 2027 2027 2027 2027 3790
add_line 0 171 427 1067 2027 2027 2027 3790
add_line 0 171 427 1067 2027 2027 3790
add_line 0 171 427 1067 2027 3790
add_line 0 171 427 1067 3790
add_line 0 171 427 427 1381 1381 1381 2381 3790
add_line 0 171 427 427 1381 1381 1381 3790
add_line 0 171 427 427 1381 1381 2381 3790
add_line 0 171 427 427 1381 1381 3790
add_line 0 171 427 427 1381 2335 2335 2335 3790
add_line 0 171 427 427 1381 2335 2335 3790
add_line 0 171 427 427 1381 2335 3790
add_line 0 171 427 427 1381 3790
add_line 0 171 427 427 2278 2278 2278 3790
add_line 0 171 427 427 2278 2278 3790
add_line 0 171 427 427 2278 3790
add_line 0 171 427 427 3790
add_line 0 171 427 427 427 1381 1381 1381 2381 3790
add_line 0 171 427 427 427 1381 1381 1381 3790
add_line 0 171 427 427 427 1381 1381 2447 3790
add_line 0 171 427 427 427 1381 1381 3790
add_line 0 171 427 427 427 1381 2335 2335 2335 3790
add_line 0 171 427 427 427 1381 2335 2335 3790
add_line 0 171 427 427 427 1381 2335 3790
add_line 0 171 427 427 427 1381 3790
add_line 0 171 427 427 427 2278 2278 2278 3790
add_line 0 171 427 427 427 2278 2278 3790
add_line 0 171 427 427 427 2278 3790
add_line 0 171 427 427 427 3790
add_line 0 171 427 427 427 427 1381 3790
add_line 0 171 427 427 427 427 2278 3790
add_line 0 171 427 427 427 427 3790
add_line 0 171 427 427 427 427 427 1381 3790
add_line 0 171 427 427 427 427 427 2278 3790
add_line 0 171 427 427 427 427 427 3790
add_line 0 171 427 427 427 427 427 854 1879 3790
add_line 0 171 427 427 427 427 427 854 3790
add_line 0 171 427 427 427 427 854 1879 3790
add_line 0 171 427 427 427 427 854 3790
add_line 0 171 427 427 427 854 1424 1424 1424 2449 3790
add_line 0 171 427 427 427 854 1424 1424 1424 3790
add_line 0 171 427 427 427 854 1424 1424 2449 3790
add_line 0 171 427 427 427 854 1424 1424 3790
add_line 0 171 427 427 427 854 1424 2278 2278 2278 3790
add_line 0 171 427 427 427 854 1424 2278 2278 3790
add_line 0 171 427 427 427 854 1424 2278 3790
add_line 0 171 427 427 427 854 1424 3790
add_line 0 171 427 427 427 854 1993 1993 1993 3790
add_line 0 171 427 427 427 854 1993 1993 3790
add_line 0 171 427 427 427 854 1993 3790
add_line 0 171 427 427 427 854 3790
add_line 0 171 427 427 427 854 854 1583 3790
add_line 0 171 427 427 427 854 854 3790
add_line 0 171 427 427 427 854 854 854 1537 3790
add_line 0 171 427 427 427 854 854 854 2380 3790
add_line 0 171 427 427 427 854 854 854 3790
add_line 0 171 427 427 854 1424 1424 1424 2449 3790
add_line 0 171 427 427 854 1424 1424 1424 3790
add_line 0 171 427 427 854 1424 1424 2518 3790
add_line 0 171 427 427 854 1424 1424 3790
add_line 0 171 427 427 854 1424 2278 2278 2278 3790
add_line 0 171 427 427 854 1424 2278 2278 3790
add_line 0 171 427 427 854 1424 2278 3790
add_line 0 171 427 427 854 1424 3790
add_line 0 171 427 427 854 1993 1993 1993 3790
add_line 0 171 427 427 854 1993 1993 3790
add_line 0 171 427 427 854 1993 3790
add_line 0 171 427 427 854 3790
add_line 0 171 427 427 854 854 1537 3790
add_line 0 171 427 427 854 854 2380 3790
add_line 0 171 427 427 854 854 3790
add_line 0 171 427 427 854 854 854 1537 3790
add_line 0 171 427 427 854 854 854 2380 3790
add_line 0 171 427 427 854 854 854 3790
add_line 0 171 427 811 1387 1387 1387 1387 1387 2390 3790
add_line 0 171 427 811 1387 1387 1387 1387 1387 3790
add_line 0 171 427 811 1387 1387 1387 1387 2390 3790
add_line 0 171 427 811 1387 1387 1387 1387 3790
add_line 0 171 427 811 1387 1387 1387 2390 2390 2390 3790
add_line 0 171 427 811 1387 1387 1387 2390 2390 3790
add_line 0 171 427 811 1387 1387 1387 2390 3790
add_line 0 171 427 811 1387 1387 1387 3790
add_line 0 171 427 811 1387 1387 2390 2390 2390 3790
add_line 0 171 427 811 1387 1387 2390 2390 3790
add_line 0 171 427 811 1387 1387 2390 3790
add_line 0 171 427 811 1387 1387 3790
add_line 0 171 427 811 1387 2251 2251 2251 2251 2251 3790
add_line 0 171 427 811 1387 2251 2251 2251 2251 3790
add_line 0 171 427 811 1387 2251 2251 2251 3790
add_line 0 171 427 811 1387 2251 2251 3790
add_line 0 171 427 811 1387 2251 3790
add_line 0 171 427 811 1387 3790
add_line 0 171 427 811 1771 1771 1771 1771 1771 3790
add_line 0 171 427 811 1771 1771 1771 1771 3790
add_line 0 171 427 811 1771 1771 1771 3790
add_line 0 171 427 811 1771 1771 3790
add_line 0 171 427 811 1771 3790
add_line 0 171 427 811 811 1512 1512 1512 3790
add_line 0 171 427 811 811 1512 1512 3790
add_line 0 171 427 811 811 1512 2410 2410 2410 3790
add_line 0 171 427 811 811 1512 2410 2410 3790
add_line 0 171 427 811 811 1512 2410 3790
add_line 0 171 427 811 811 1512 3790
add_line 0 171 427 811 811 3790
add_line 0 171 427 811 811 811 1469 1469 1469 2521 3790
add_line 0 171 427 811 811 811 1469 1469 1469 3790
add_line 0 171 427 811 811 811 1469 1469 3790
add_line 0 171 427 811 811 811 1469 2346 2346 2346 3790
add_line 0 171 427 811 811 811 1469 2346 2346 3790
add_line 0 171 427 811 811 811 1469 2346 3790
add_line 0 171 427 811 811 811 1469 3790
add_line 0 171 427 811 811 811 2280 2280 2280 3790
add_line 0 171 427 811 811 811 2280 2280 3790
add_line 0 171 427 811 811 811 2280 3790
add_line 0 171 427 811 811 811 3790
add_line 0 171 427 811 811 811 811 1469 3790
add_line 0 171 427 811 811 811 811 2280 3790
add_line 0 171 427 811 811 811 811 3790
add_line 0 171 427 811 811 811 811 811 1469 3790
add_line 0 171 427 811 811 811 811 811 2280 3790
add_line 0 171 427 811 811 811 811 811 3790
add_line 0 171 599 1241 1241 1241 1241 1241 2157 3790
add_line 0 171 599 1241 1241 1241 1241 1241 3790
add_line 0 171 599 1241 1241 1241 1241 2157 3790
add_line 0 171 599 1241 1241 1241 1241 3790
add_line 0 171 599 1241 1241 1241 2157 2157 2157 3790
add_line 0 171 599 1241 1241 1241 2157 2157 3790
add_line 0 171 599 1241 1241 1241 2157 3790
add_line 0 171 599 1241 1241 1241 3790
add_line 0 171 599 1241 1241 2218 2218 2218 3790
add_line 0 171 599 1241 1241 2218 2218 3790
add_line 0 171 599 1241 1241 2218 3790
add_line 0 171 599 1241 1241 3790
add_line 0 171 599 1241 2204 2204 2204 2204 2204 3790
add_line 0 171 599 1241 2204 2204 2204 2204 3790
add_line 0 171 599 1241 2204 2204 2204 3790
add_line 0 171 599 1241 2204 2204 3790
add_line 0 171 599 1241 2204 3790
add_line 0 171 599 1241 3790
add_line 0 171 599 1669 1669 1669 1669 1669 3790
add_line 0 171 599 1669 1669 1669 1669 3790
add_line 0 171 599 1669 1669 1669 3790
add_line 0 171 599 1669 1669 3790
add_line 0 171 599 1669 3790
add_line 0 171 599 599 1129 1129 1129 1977 3790
add_line 0 171 599 599 1129 1129 1129 3790
add_line 0 171 599 599 1129 1129 1977 3790
add_line 0 171 599 599 1129 1129 3790
add_line 0 171 599 599 1129 1836 1836 1836 3790
add_line 0 171 599 599 1129 1836 1836 3790
add_line 0 171 599 599 1129 1836 3790
add_line 0 171 599 599 1129 3790
add_line 0 171 599 599 1784 1784 1784 3790
add_line 0 171 599 599 1784 1784 3790
add_line 0 171 599 599 1784 3790
add_line 0 171 599 599 3790
add_line 0 171 599 599 599 1129 1129 1129 1977 3790
add_line 0 171 599 599 599 1129 1129 1129 3790
add_line 0 171 599 599 599 1129 1129 2034 3790
add_line 0 171 599 599 599 1129 1129 3790
add_line 0 171 599 599 599 1129 1836 1836 1836 3790
add_line 0 171 599 599 599 1129 1836 1836 3790
add_line 0 171 599 599 599 1129 1836 3790
add_line 0 171 599 599 599 1129 3790
add_line 0 171 599 599 599 1784 1784 1784 3790
add_line 0 171 599 599 599 1784 1784 3790
add_line 0 171 599 599 599 1784 3790
add_line 0 171 599 599 599 3790
add_line 0 171 599 599 599 599 1129 2402 3790
add_line 0 171 599 599 599 599 1129 3790
add_line 0 171 599 599 599 599 1784 3790
add_line 0 171 599 599 599 599 3790
add_line 0 171 599 599 599 599 599 1129 2402 3790
add_line 0 171 599 599 599 599 599 1129 3790
add_line 0 171 599 599 599 599 599 1784 3790
add_line 0 171 599 599 599 599 599 3790
add_line 0 399 1397 1397 1397 1397 1397 2406 3790
add_line 0 399 1397 1397 1397 1397 1397 3790
add_line 0 399 1397 1397 1397 1397 2406 3790
add_line 0 399 1397 1397 1397 1397 3790
add_line 0 399 1397 1397 1397 2406 2406 2406 3790
add_line 0 399 1397 1397 1397 2406 2406 3790
add_line 0 399 1397 1397 1397 2406 3790
add_line 0 399 1397 1397 1397 3790
add_line 0 399 1397 1397 2406 2406 2406 3790
add_line 0 399 1397 1397 2406 2406 3790
add_line 0 399 1397 1397 2406 3790
add_line 0 399 1397 1397 3790
add_line 0 399 1397 3790
add_line 0 399 399 1767 1767 1767 3790
add_line 0 399 399 1767 1767 3790
add_line 0 399 399 1767 3790
add_line 0 399 399 3790
add_line 0 399 399 399 1316 1316 1316 2277 3790
add_line 0 399 399 399 1316 1316 1316 3790
add_line 0 399 399 399 1316 1316 2341 3790
add_line 0 399 399 399 1316 1316 3790
add_line 0 399 399 399 1316 2233 2233 2233 3790
add_line 0 399 399 399 1316 2233 2233 3790
add_line 0 399 399 399 1316 2233 3790
add_line 0 399 399 399 1316 3790
add_line 0 399 399 399 2177 2177 2177 3790
add_line 0 399 399 399 2177 2177 3790
add_line 0 399 399 399 2177 3790
add_line 0 399 399 399 3790
add_line 0 399 399 399 399 1316 3790
add_line 0 399 399 399 399 2177 3790
add_line 0 399 399 399 399 3790
add_line 0 399 399 399 399 399 1316 3790
add_line 0 399 399 399 399 399 2177 3790
add_line 0 399 399 399 399 399 3790
add_line 0 399 399 399 399 399 809 1794 3790
add_line 0 399 399 399 399 399 809 3790
add_line 0 399 399 399 399 809 1794 3790
add_line 0 399 399 399 399 809 3790
add_line 0 399 399 399 809 1356 1356 1356 2341 3790
add_line 0 399 399 399 809 1356 1356 1356 3790
add_line 0 399 399 399 809 1356 1356 2341 3790
add_line 0 399 399 399 809 1356 1356 3790
add_line 0 399 399 399 809 1356 2176 2176 2176 3790
add_line 0 399 399 399 809 1356 2176 2176 3790
add_line 0 399 399 399 809 1356 2176 3790
add_line 0 399 399 399 809 1356 3790
add_line 0 399 399 399 809 1903 1903 1903 3790
add_line 0 399 399 399 809 1903 1903 3790
add_line 0 399 399 399 809 1903 3790
add_line 0 399 399 399 809 3790
add_line 0 399 399 399 809 809 1509 3790
add_line 0 399 399 399 809 809 3790
add_line 0 399 399 399 809 809 809 1465 3790
add_line 0 399 399 399 809 809 809 2275 3790
add_line 0 399 399 399 809 809 809 3790
add_line 0 399 399 837 1398 1398 1398 2408 3790
add_line 0 399 399 837 1398 1398 1398 3790
add_line 0 399 399 837 1398 1398 2475 3790
add_line 0 399 399 837 1398 1398 3790
add_line 0 399 399 837 1398 2240 2240 2240 3790
add_line 0 399 399 837 1398 2240 2240 3790
add_line 0 399 399 837 1398 2240 3790
add_line 0 399 399 837 1398 3790
add_line 0 399 399 837 1959 1959 1959 3790
add_line 0 399 399 837 1959 1959 3790
add_line 0 399 399 837 1959 3790
add_line 0 399 399 837 3790
add_line 0 399 399 837 837 1510 3790
add_line 0 399 399 837 837 2340 3790
add_line 0 399 399 837 837 3790
add_line 0 399 399 837 837 837 1510 3790
add_line 0 399 399 837 837 837 2340 3790
add_line 0 399 399 837 837 837 3790
add_line 0 399 997 1894 1894 1894 1894 1894 3790
add_line 0 399 997 1894 1894 1894 1894 3790
add_line 0 399 997 1894 1894 1894 3790
add_line 0 399 997 1894 1894 3790
add_line 0 399 997 1894 3790
add_line 0 399 997 2492 2492 2492 2492 2492 3790
add_line 0 399 997 2492 2492 2492 2492 3790
add_line 0 399 997 2492 2492 2492 3790
add_line 0 399 997 2492 2492 3790
add_line 0 399 997 2492 3790
add_line 0 399 997 997 1766 1766 1766 3790
add_line 0 399 997 997 1766 1766 3790
add_line 0 399 997 997 1766 3790
add_line 0 399 997 997 3790
add_line 0 399 997 997 997 1766 1766 1766 3790
add_line 0 399 997 997 997 1766 1766 3790
add_line 0 399 997 997 997 1766 3790
add_line 0 399 997 997 997 3790
add_line 0 399 997 997 997 997 1766 3790
add_line 0 399 997 997 997 997 3790
add_line 0 399 997 997 997 997 997 1766 3790
add_line 0 399 997 997 997 997 997 3790
add_line 171 171 1357 1357 1357 2342 3790
add_line 171 171 1357 1357 1357 3790
add_line 171 171 1357 1357 2342 3790
add_line 171 171 1357 1357 3790
add_line 171 171 1357 3790
add_line 171 171 171 1357 1357 1357 2342 3790
add_line 171 171 171 1357 1357 1357 3790
add_line 171 171 171 1357 1357 2408 3790
add_line 171 171 171 1357 1357 3790
add_line 171 171 171 1357 3790
add_line 171 171 171 171 1357 3790
add_line 171 171 171 171 171 1357 3790
add_line 171 171 171 171 171 3790
add_line 171 171 171 171 171 445 1102 2350 3790
add_line 171 171 171 171 171 445 1102 3790
add_line 171 171 171 171 171 445 1686 3790
add_line 171 171 171 171 171 445 3790
add_line 171 171 171 171 171 782 1742 3790
add_line 171 171 171 171 171 782 3790
add_line 171 171 171 171 3790
add_line 171 171 171 171 445 1102 2350 3790
add_line 171 171 171 171 445 1102 3790
add_line 171 171 171 171 445 1686 3790
add_line 171 171 171 171 445 3790
add_line 171 171 171 171 782 1742 3790
add_line 171 171 171 171 782 3790
add_line 171 171 171 3790
add_line 171 171 171 445 1175 1175 1175 2051 3790
add_line 171 171 171 445 1175 1175 1175 3790
add_line 171 171 171 445 1175 1175 2051 3790
add_line 171 171 171 445 1175 1175 3790
add_line 171 171 171 445 1175 1905 1905 1905 3790
add_line 171 171 171 445 1175 1905 1905 3790
add_line 171 171 171 445 1175 1905 3790
add_line 171 171 171 445 1175 3790
add_line 171 171 171 445 1905 1905 1905 3790
add_line 171 171 171 445 1905 1905 3790
add_line 171 171 171 445 1905 3790
add_line 171 171 171 445 3790
add_line 171 171 171 445 445 1905 3790
add_line 171 171 171 445 445 3790
add_line 171 171 171 445 445 445 1423 3790
add_line 171 171 171 445 445 445 2343 3790
add_line 171 171 171 445 445 445 3790
add_line 171 171 171 445 445 445 883 1934 3790
add_line 171 171 171 445 445 445 883 3790
add_line 171 171 171 445 445 912 1989 3790
add_line 171 171 171 445 445 912 3790
add_line 171 171 171 445 810 1358 1358 1358 2344 3790
add_line 171 171 171 445 810 1358 1358 1358 3790
add_line 171 171 171 445 810 1358 1358 2410 3790
add_line 171 171 171 445 810 1358 1358 3790
add_line 171 171 171 445 810 1358 2180 2180 2180 3790
add_line 171 171 171 445 810 1358 2180 2180 3790
add_line 171 171 171 445 810 1358 2180 3790
add_line 171 171 171 445 810 1358 3790
add_line 171 171 171 445 810 1905 1905 1905 3790
add_line 171 171 171 445 810 1905 1905 3790
add_line 171 171 171 445 810 1905 3790
add_line 171 171 171 445 810 3790
add_line 171 171 171 445 810 810 1467 3790
add_line 171 171 171 445 810 810 2277 3790
add_line 171 171 171 445 810 810 3790
add_line 171 171 171 445 810 810 810 1467 3790
add_line 171 171 171 445 810 810 810 2277 3790
add_line 171 171 171 445 810 810 810 3790
add_line 171 171 171 782 1393 1393 1393 2400 3790
add_line 171 171 171 782 1393 1393 1393 3790
add_line 171 171 171 782 1393 1393 2400 3790
add_line 171 171 171 782 1393 1393 3790
add_line 171 171 171 782 1393 2232 2232 2232 3790
add_line 171 171 171 782 1393 2232 2232 3790
add_line 171 171 171 782 1393 2232 3790
add_line 171 171 171 782 1393 3790
add_line 171 171 171 782 1849 1849 1849 3790
add_line 171 171 171 782 1849 1849 3790
add_line 171 171 171 782 1849 3790
add_line 171 171 171 782 3790
add_line 171 171 171 782 782 1465 3790
add_line 171 171 171 782 782 3790
add_line 171 171 171 782 782 782 1422 3790
add_line 171 171 171 782 782 782 2212 3790
add_line 171 171 171 782 782 782 3790
add_line 171 171 3790
add_line 171 171 445 1175 1175 1175 2051 3790
add_line 171 171 445 1175 1175 1175 3790
add_line 171 171 445 1175 1175 2109 3790
add_line 171 171 445 1175 1175 3790
add_line 171 171 445 1175 1905 1905 1905 3790
add_line 171 171 445 1175 1905 1905 3790
add_line 171 171 445 1175 1905 3790
add_line 171 171 445 1175 3790
add_line 171 171 445 1905 1905 1905 3790
add_line 171 171 445 1905 1905 3790
add_line 171 171 445 1905 3790
add_line 171 171 445 3790
add_line 171 171 445 445 1423 3790
add_line 171 171 445 445 2343 3790
add_line 171 171 445 445 3790
add_line 171 171 445 445 445 1423 3790
add_line 171 171 445 445 445 2343 3790
add_line 171 171 445 445 445 3790
add_line 171 171 445 445 445 883 1934 3790
add_line 171 171 445 445 445 883 3790
add_line 171 171 445 445 883 1934 3790
add_line 171 171 445 445 883 3790
add_line 171 171 445 810 1358 1358 1358 2344 3790
add_line 171 171 445 810 1358 1358 1358 3790
add_line 171 171 445 810 1358 1358 2344 3790
add_line 171 171 445 810 1358 1358 3790
add_line 171 171 445 810 1358 2180 2180 2180 3790
add_line 171 171 445 810 1358 2180 2180 3790
add_line 171 171 445 810 1358 2180 3790
add_line 171 171 445 810 1358 3790
add_line 171 171 445 810 1905 1905 1905 3790
add_line 171 171 445 810 1905 1905 3790
add_line 171 171 445 810 1905 3790
add_line 171 171 445 810 3790
add_line 171 171 445 810 810 1511 3790
add_line 171 171 445 810 810 3790
add_line 171 171 445 810 810 810 1467 3790
add_line 171 171 445 810 810 810 2277 3790
add_line 171 171 445 810 810 810 3790
add_line 171 171 782 1393 1393 1393 2400 3790
add_line 171 171 782 1393 1393 1393 3790
add_line 171 171 782 1393 1393 2467 3790
add_line 171 171 782 1393 1393 3790
add_line 171 171 782 1393 2232 2232 2232 3790
add_line 171 171 782 1393 2232 2232 3790
add_line 171 171 782 1393 2232 3790
add_line 171 171 782 1393 3790
add_line 171 171 782 1849 1849 1849 3790
add_line 171 171 782 1849 1849 3790
add_line 171 171 782 1849 3790
add_line 171 171 782 3790
add_line 171 171 782 782 1422 3790
add_line 171 171 782 782 2212 3790
add_line 171 171 782 782 3790
add_line 171 171 782 782 782 1422 3790
add_line 171 171 782 782 782 2212 3790
add_line 171 171 782 782 782 3790
add_line 171 427 1067 1067 1067 1067 1067 1878 3790
add_line 171 427 1067 1067 1067 1067 1067 3790
add_line 171 427 1067 1067 1067 1067 1878 3790
add_line 171 427 1067 1067 1067 1067 3790
add_line 171 427 1067 1067 1067 1878 1878 1878 3790
add_line 171 427 1067 1067 1067 1878 1878 3790
add_line 171 427 1067 1067 1067 1878 3790
add_line 171 427 1067 1067 1067 3790
add_line 171 427 1067 1067 1878 1878 1878 3790
add_line 171 427 1067 1067 1878 1878 3790
add_line 171 427 1067 1067 1878 3790
add_line 171 427 1067 1067 3790
add_line 171 427 1067 2027 2027 2027 2027 2027 3790
add_line 171 427 1067 2027 2027 2027 2027 3790
add_line 171 427 1067 2027 2027 2027 3790
add_line 171 427 1067 2027 2027 3790
add_line 171 427 1067 2027 3790
add_line 171 427 1067 3790
add_line 171 427 427 1851 1851 1851 3790
add_line 171 427 427 1851 1851 3790
add_line 171 427 427 1851 3790
add_line 171 427 427 3790
add_line 171 427 427 427 1381 1381 1381 2381 3790
add_line 171 427 427 427 1381 1381 1381 3790
add_line 171 427 427 427 1381 1381 2447 3790
add_line 171 427 427 427 1381 1381 3790
add_line 171 427 427 427 1381 2335 2335 2335 3790
add_line 171 427 427 427 1381 2335 2335 3790
add_line 171 427 427 427 1381 2335 3790
add_line 171 427 427 427 1381 3790
add_line 171 427 427 427 2278 2278 2278 3790
add_line 171 427 427 427 2278 2278 3790
add_line 171 427 427 427 2278 3790
add_line 171 427 427 427 3790
add_line 171 427 427 427 427 1381 3790
add_line 171 427 427 427 427 2278 3790
add_line 171 427 427 427 427 3790
add_line 171 427 427 427 427 427 1381 3790
add_line 171 427 427 427 427 427 2278 3790
add_line 171 427 427 427 427 427 3790
add_line 171 427 427 427 427 427 854 1879 3790
add_line 171 427 427 427 427 427 854 3790
add_line 171 427 427 427 427 854 1879 3790
add_line 171 427 427 427 427 854 3790
add_line 171 427 427 427 854 1424 1424 1424 2449 3790
add_line 171 427 427 427 854 1424 1424 1424 3790
add_line 171 427 427 427 854 1424 1424 2449 3790
add_line 171 427 427 427 854 1424 1424 3790
add_line 171 427 427 427 854 1424 2278 2278 2278 3790
add_line 171 427 427 427 854 1424 2278 2278 3790
add_line 171 427 427 427 854 1424 2278 3790
add_line 171 427 427 427 854 1424 3790
add_line 171 427 427 427 854 1993 1993 1993 3790
add_line 171 427 427 427 854 1993 1993 3790
add_line 171 427 427 427 854 1993 3790
add_line 171 427 427 427 854 3790
add_line 171 427 427 427 854 854 1583 3790
add_line 171 427 427 427 854 854 3790
add_line 171 427 427 427 854 854 854 1537 3790
add_line 171 427 427 427 854 854 854 2380 3790
add_line 171 427 427 427 854 854 854 3790
add_line 171 427 427 883 1467 1467 1467 2518 3790
add_line 171 427 427 883 1467 1467 1467 3790
add_line 171 427 427 883 1467 1467 3790
add_line 171 427 427 883 1467 2343 2343 2343 3790
add_line 171 427 427 883 1467 2343 2343 3790
add_line 171 427 427 883 1467 2343 3790
add_line 171 427 427 883 1467 3790
add_line 171 427 427 883 2051 2051 2051 3790
add_line 171 427 427 883 2051 2051 3790
add_line 171 427 427 883 2051 3790
add_line 171 427 427 883 3790
add_line 171 427 427 883 883 1584 3790
add_line 171 427 427 883 883 2448 3790
add_line 171 427 427 883 883 3790
add_line 171 427 427 883 883 883 1584 3790
add_line 171 427 427 883 883 883 2448 3790
add_line 171 427 427 883 883 883 3790
add_line 171 427 811 1387 1387 1387 1387 1387 2390 3790
add_line 171 427 811 1387 1387 1387 1387 1387 3790
add_line 171 427 811 1387 1387 1387 1387 2390 3790
add_line 171 427 811 1387 1387 1387 1387 3790
add_line 171 427 811 1387 1387 1387 2390 2390 2390 3790
add_line 171 427 811 1387 1387 1387 2390 2390 3790
add_line 171 427 811 1387 1387 1387 2390 3790
add_line 171 427 811 1387 1387 1387 3790
add_line 171 427 811 1387 1387 2457 2457 2457 3790
add_line 171 427 811 1387 1387 2457 2457 3790
add_line 171 427 811 1387 1387 2457 3790
add_line 171 427 811 1387 1387 3790
add_line 171 427 811 1387 2251 2251 2251 2251 2251 3790
add_line 171 427 811 1387 2251 2251 2251 2251 3790
add_line 171 427 811 1387 2251 2251 2251 3790
add_line 171 427 811 1387 2251 2251 3790
add_line 171 427 811 1387 2251 3790
add_line 171 427 811 1387 3790
add_line 171 427 811 1771 1771 1771 1771 1771 3790
add_line 171 427 811 1771 1771 1771 1771 3790
add_line 171 427 811 1771 1771 1771 3790
add_line 171 427 811 1771 1771 3790
add_line 171 427 811 1771 3790
add_line 171 427 811 811 1469 1469 1469 2521 3790
add_line 171 427 811 811 1469 1469 1469 3790
add_line 171 427 811 811 1469 1469 2521 3790
add_line 171 427 811 811 1469 1469 3790
add_line 171 427 811 811 1469 2346 2346 2346 3790
add_line 171 427 811 811 1469 2346 2346 3790
add_line 171 427 811 811 1469 2346 3790
add_line 171 427 811 811 1469 3790
add_line 171 427 811 811 2280 2280 2280 3790
add_line 171 427 811 811 2280 2280 3790
add_line 171 427 811 811 2280 3790
add_line 171 427 811 811 3790
add_line 171 427 811 811 811 1469 1469 1469 2521 3790
add_line 171 427 811 811 811 1469 1469 1469 3790
add_line 171 427 811 811 811 1469 1469 3790
add_line 171 427 811 811 811 1469 2346 2346 2346 3790
add_line 171 427 811 811 811 1469 2346 2346 3790
add_line 171 427 811 811 811 1469 2346 3790
add_line 171 427 811 811 811 1469 3790
add_line 171 427 811 811 811 2280 2280 2280 3790
add_line 171 427 811 811 811 2280 2280 3790
add_line 171 427 811 811 811 2280 3790
add_line 171 427 811 811 811 3790
add_line 171 427 811 811 811 811 1469 3790
add_line 171 427 811 811 811 811 2280 3790
add_line 171 427 811 811 811 811 3790
add_line 171 427 811 811 811 811 811 1469 3790
add_line 171 427 811 811 811 811 811 2280 3790
add_line 171 427 811 811 811 811 811 3790
add_line 171 599 1241 1241 1241 1241 1241 2157 3790
add_line 171 599 1241 1241 1241 1241 1241 3790
add_line 171 599 1241 1241 1241 1241 2157 3790
add_line 171 599 1241 1241 1241 1241 3790
add_line 171 599 1241 1241 1241 2157 2157 2157 3790
add_line 171 599 1241 1241 1241 2157 2157 3790
add_line 171 599 1241 1241 1241 2157 3790
add_line 171 599 1241 1241 1241 3790
add_line 171 599 1241 1241 2157 2157 2157 3790
add_line 171 599 1241 1241 2157 2157 3790
add_line 171 599 1241 1241 2157 3790
add_line 171 599 1241 1241 3790
add_line 171 599 1241 2204 2204 2204 2204 2204 3790
add_line 171 599 1241 2204 2204 2204 2204 3790
add_line 171 599 1241 2204 2204 2204 3790
add_line 171 599 1241 2204 2204 3790
add_line 171 599 1241 2204 3790
add_line 171 599 1241 3790
add_line 171 599 1669 1669 1669 1669 1669 3790
add_line 171 599 1669 1669 1669 1669 3790
add_line 171 599 1669 1669 1669 3790
add_line 171 599 1669 1669 3790
add_line 171 599 1669 3790
add_line 171 599 599 1165 1165 1165 2035 3790
add_line 171 599 599 1165 1165 1165 3790
add_line 171 599 599 1165 1165 2035 3790
add_line 171 599 599 1165 1165 3790
add_line 171 599 599 1165 1890 1890 1890 3790
add_line 171 599 599 1165 1890 1890 3790
add_line 171 599 599 1165 1890 3790
add_line 171 599 599 1165 3790
add_line 171 599 599 2367 2367 2367 3790
add_line 171 599 599 2367 2367 3790
add_line 171 599 599 2367 3790
add_line 171 599 599 3790
add_line 171 599 599 599 1129 1129 1129 1977 3790
add_line 171 599 599 599 1129 1129 1129 3790
add_line 171 599 599 599 1129 1129 2034 3790
add_line 171 599 599 599 1129 1129 3790
add_line 171 599 599 599 1129 1836 1836 1836 3790
add_line 171 599 599 599 1129 1836 1836 3790
add_line 171 599 599 599 1129 1836 3790
add_line 171 599 599 599 1129 3790
add_line 171 599 599 599 1784 1784 1784 3790
add_line 171 599 599 599 1784 1784 3790
add_line 171 599 599 599 1784 3790
add_line 171 599 599 599 3790
add_line 171 599 599 599 599 1129 2402 3790
add_line 171 599 599 599 599 1129 3790
add_line 171 599 599 599 599 1784 3790
add_line 171 599 599 599 599 3790
add_line 171 599 599 599 599 599 1129 2402 3790
add_line 171 599 599 599 599 599 1129 3790
add_line 171 599 599 599 599 599 1784 3790
add_line 171 599 599 599 599 599 3790
add_line 399 1397 1397 1397 1397 1397 2406 3790
add_line 399 1397 1397 1397 1397 1397 3790
add_line 399 1397 1397 1397 1397 2406 3790
add_line 399 1397 1397 1397 1397 3790
add_line 399 1397 1397 1397 2406 2406 2406 3790
add_line 399 1397 1397 1397 2406 2406 3790
add_line 399 1397 1397 1397 2406 3790
add_line 399 1397 1397 1397 3790
add_line 399 1397 1397 2473 2473 2473 3790
add_line 399 1397 1397 2473 2473 3790
add_line 399 1397 1397 2473 3790
add_line 399 1397 1397 3790
add_line 399 1397 3790
add_line 399 399 1316 1316 1316 2277 3790
add_line 399 399 1316 1316 1316 3790
add_line 399 399 1316 1316 2277 3790
add_line 399 399 1316 1316 3790
add_line 399 399 1316 2233 2233 2233 3790
add_line 399 399 1316 2233 2233 3790
add_line 399 399 1316 2233 3790
add_line 399 399 1316 3790
add_line 399 399 2177 2177 2177 3790
add_line 399 399 2177 2177 3790
add_line 399 399 2177 3790
add_line 399 399 3790
add_line 399 399 399 1316 1316 1316 2277 3790
add_line 399 399 399 1316 1316 1316 3790
add_line 399 399 399 1316 1316 2341 3790
add_line 399 399 399 1316 1316 3790
add_line 399 399 399 1316 2233 2233 2233 3790
add_line 399 399 399 1316 2233 2233 3790
add_line 399 399 399 1316 2233 3790
add_line 399 399 399 1316 3790
add_line 399 399 399 2177 2177 2177 3790
add_line 399 399 399 2177 2177 3790
add_line 399 399 399 2177 3790
add_line 399 399 399 3790
add_line 399 399 399 399 1316 3790
add_line 399 399 399 399 2177 3790
add_line 399 399 399 399 3790
add_line 399 399 399 399 399 1316 3790
add_line 399 399 399 399 399 2177 3790
add_line 399 399 399 399 399 3790
add_line 399 399 399 399 399 809 1794 3790
add_line 399 399 399 399 399 809 3790
add_line 399 399 399 399 809 1794 3790
add_line 399 399 399 399 809 3790
add_line 399 399 399 809 1356 1356 1356 2341 3790
add_line 399 399 399 809 1356 1356 1356 3790
add_line 399 399 399 809 1356 1356 2341 3790
add_line 399 399 399 809 1356 1356 3790
add_line 399 399 399 809 1356 2176 2176 2176 3790
add_line 399 399 399 809 1356 2176 2176 3790
add_line 399 399 399 809 1356 2176 3790
add_line 399 399 399 809 1356 3790
add_line 399 399 399 809 1903 1903 1903 3790
add_line 399 399 399 809 1903 1903 3790
add_line 399 399 399 809 1903 3790
add_line 399 399 399 809 3790
add_line 399 399 399 809 809 1509 3790
add_line 399 399 399 809 809 3790
add_line 399 399 399 809 809 809 1465 3790
add_line 399 399 399 809 809 809 2275 3790
add_line 399 399 399 809 809 809 3790
add_line 399 399 809 1356 1356 1356 2341 3790
add_line 399 399 809 1356 1356 1356 3790
add_line 399 399 809 1356 1356 2406 3790
add_line 399 399 809 1356 1356 3790
add_line 399 399 809 1356 2176 2176 2176 3790
add_line 399 399 809 1356 2176 2176 3790
add_line 399 399 809 1356 2176 3790
add_line 399 399 809 1356 3790
add_line 399 399 809 1903 1903 1903 3790
add_line 399 399 809 1903 1903 3790
add_line 399 399 809 1903 3790
add_line 399 399 809 3790
add_line 399 399 809 809 1465 3790
add_line 399 399 809 809 2275 3790
add_line 399 399 809 809 3790
add_line 399 399 809 809 809 1465 3790
add_line 399 399 809 809 809 2275 3790
add_line 399 399 809 809 809 3790
add_line 399 997 1894 1894 1894 1894 1894 3790
add_line 399 997 1894 1894 1894 1894 3790
add_line 399 997 1894 1894 1894 3790
add_line 399 997 1894 1894 3790
add_line 399 997 1894 3790
add_line 399 997 2492 2492 2492 2492 2492 3790
add_line 399 997 2492 2492 2492 2492 3790
add_line 399 997 2492 2492 2492 3790
add_line 399 997 2492 2492 3790
add_line 399 997 2492 3790
add_line 399 997 997 1817 1817 1817 3790
add_line 399 997 997 1817 1817 3790
add_line 399 997 997 1817 3790
add_line 399 997 997 3790
add_line 399 997 997 997 1766 1766 1766 3790
add_line 399 997 997 997 1766 1766 3790
add_line 399 997 997 997 1766 3790
add_line 399 997 997 997 3790
add_line 399 997 997 997 997 1766 3790
add_line 399 997 997 997 997 3790
add_line 399 997 997 997 997 997 1766 3790
add_line 399 997 997 997 997 997 3790
build_tree 
skip_if_done "Saves\2022-06-05_19-27-39_template0simpler/2c2h2d.cfr" next
go 6000 seconds
wait_for_solver 
dump_tree "Saves\2022-06-05_19-27-39_template0simpler/2c2h2d.cfr" no_rivers
LABEL: next
echo  "1 out of 1 done"
solver_time 
echo "Script has completed. You can close this window. Result files are in Saves\2022-06-05_19-27-39_template0simpler directory"